0.188857	0.001168	-0.140762	-0.263067	0.049097	0.015305	-0.145087	-0.090901	0.093095	-0.293246	-0.133030	0.309652	0.185051	-0.393230	-0.159979	0.264229	-0.041357	-0.010677	0.071700	-0.032470	0.016164	-0.065226	-0.269403	0.023446	-0.033734	-0.053404	-0.144924	0.032444	-0.089601	0.197370	-0.277288	0.450316	-0.036345	-0.230981	0.159271	0.055480	0.257864	0.047533	-0.255815	-0.125957	0.188920	-0.199959	0.601341	0.116609	-0.048109	-0.288092	-0.015455	-0.451807	0.122104	-0.067392	0.235810	0.001978	-0.046328	0.009789	-0.041187	0.451353	0.403225	0.229863	0.170634	0.075310	-0.262326	0.254274	0.079226	0.484861	0.151301	-0.373241	0.123860	-0.018013	0.262795	-0.023426	-0.093180	-0.297039	0.166154	0.239746	-0.321607	0.204097	-0.064874	0.115935	0.157603	0.031599	0.044353	-0.033484	0.149985	0.197727	0.132006	-0.157913	-0.020789	-0.400251	-0.146509	-0.176966	-0.303966	-0.135868	0.121778	-0.051066	0.201010	0.018615	-0.353210	-0.260144	-0.146569	-0.152402	0.450626	0.070443	0.016689	0.019592	0.051549	0.154811	-0.336269	-0.093895	0.239390	0.356638	0.213211	-0.356055	0.312334	-0.122119	0.170755	0.128200	0.293163	-0.060193	0.035347	0.078211	-0.182039	0.254090	0.285705	0.273074	0.155530	0.595508	-0.137588	-0.155023
0.596655	0.007202	-0.214234	-0.186335	0.368588	0.261105	0.389134	-0.089533	0.264277	-0.389731	0.043214	-0.032875	-0.407088	-0.178655	-0.068715	-0.207639	-0.109463	-0.394592	-0.387127	-0.099475	-0.061056	0.106951	-0.255404	0.211591	0.098612	0.172056	-0.002118	0.274030	-0.317162	0.148173	-0.579051	-0.328193	0.166901	-0.058490	0.358401	0.212520	-0.166139	-0.356034	-0.186001	-0.210646	-0.267377	-0.548192	0.081030	0.291792	-0.421060	0.218672	-0.160565	-0.107981	0.008068	0.193629	0.281389	0.215742	0.227015	-0.269850	-0.098650	0.508157	0.580297	-0.410655	0.012425	0.111299	-0.026673	0.330888	-0.002257	0.182658	0.549180	0.159741	0.256900	0.034715	-0.061480	0.209818	-0.030824	0.534875	-0.406842	0.260878	-0.065244	-0.484637	-0.368615	0.165381	-0.183930	0.056354	0.376947	0.498261	-0.104163	0.143320	0.185019	0.076079	0.011125	-0.402274	0.127076	0.014871	-0.174191	-0.244078	0.272906	0.173356	-0.326767	0.585837	-0.166667	-0.058036	0.242578	-0.037682	0.530713	-0.138441	0.345382	0.328332	-0.366489	0.505644	-0.641193	-0.180001	0.458680	-0.042202	-0.014282	-0.211158	0.129969	-0.383780	-0.192942	0.674229	-0.164711	-0.090913	-0.755779	0.128093	0.359361	0.193104	0.294771	-0.045262	-0.104818	0.206885	0.313187	-0.004298
-0.026335	-0.253543	0.068923	-0.148183	-0.157857	-0.015512	-0.116375	0.086647	0.066877	-0.053686	-0.021820	0.485411	0.086618	-0.598247	-0.092272	0.203455	0.009674	0.328455	-0.118713	-0.021803	0.128340	0.393342	0.032371	0.092453	0.029237	-0.213843	-0.134123	0.244023	0.001281	0.008820	0.320659	0.020618	0.254730	0.046672	-0.292493	0.133869	0.200171	0.116552	-0.229646	0.038327	0.070602	0.225283	0.003075	0.188435	-0.011546	-0.197184	-0.312438	-0.034410	0.113326	0.160240	0.597124	0.065493	0.249009	0.046145	0.083820	-0.097294	0.252088	-0.308927	0.103772	-0.307166	-0.113567	-0.019406	0.060859	-0.071746	-0.071113	-0.057190	0.274528	-0.059787	0.038658	0.430012	-0.038633	-0.137159	-0.366218	0.272452	-0.147090	-0.098262	-0.075979	0.040885	-0.420146	-0.068970	0.045410	0.200470	-0.060229	0.566758	-0.173439	-0.566804	0.008390	-0.370334	0.041656	-0.007049	0.270273	0.056519	-0.097964	-0.126307	-0.087526	0.290035	-0.569055	0.362052	0.157247	-0.017048	-0.068872	-0.009258	-0.025799	-0.139913	0.312763	-0.115116	-0.371623	0.012842	-0.209036	0.155916	-0.046160	0.169103	0.317312	0.075759	-0.265519	-0.121617	-0.155346	-0.013653	-0.349056	-0.146807	0.236752	0.417514	0.354817	-0.247738	0.365167	0.132358	-0.220551	0.225446
0.156914	0.232237	0.048621	-0.032037	-0.056979	0.090406	-0.085902	0.026657	-0.009078	0.117334	0.124980	0.420254	0.102661	-0.109188	0.369913	-0.121250	0.264199	-0.004813	0.004125	-0.032241	0.126025	-0.065658	-0.128398	0.177953	0.421552	-0.034060	-0.024814	-0.209415	-0.053253	0.033792	-0.408238	-0.210647	-0.110889	-0.243834	-0.022399	0.044326	-0.043452	0.236475	-0.025948	0.234414	-0.124528	-0.066193	0.194078	-0.114532	-0.290398	0.148332	0.004251	0.168620	-0.061537	-0.146816	0.222749	-0.045179	-0.074959	0.087002	-0.018596	-0.171534	0.197011	0.014268	0.098757	0.060681	0.193933	-0.004317	-0.068067	0.439668	0.338305	-0.323217	0.314395	0.039188	0.076818	-0.254980	0.208541	-0.286287	0.043837	-0.095003	0.004062	-0.031939	-0.006327	0.017179	-0.112173	0.322846	0.126437	0.220192	-0.050455	0.438081	0.039273	0.100132	-0.316506	0.114894	0.111356	0.335838	-0.130330	0.329633	0.138746	-0.049115	0.250014	-0.158210	-0.295007	-0.031081	0.098643	-0.010001	0.033901	-0.240262	0.085391	-0.341065	0.129964	0.071895	-0.047408	-0.048128	0.030360	0.094875	0.073579	0.161579	-0.068188	-0.020449	-0.203533	0.132918	-0.175263	-0.023988	-0.136748	-0.153869	0.106256	0.030553	0.073875	0.089084	0.093073	-0.040789	-0.084643	0.223455
-0.348406	-0.281248	-0.291853	0.198198	0.003274	-0.164027	0.072098	-0.107359	-0.057988	-0.166477	0.078787	0.270492	-0.206064	-0.149320	-0.103508	-0.129869	0.066806	0.199672	-0.331123	0.325225	0.147237	0.068053	0.135921	-0.378818	0.259570	-0.235226	-0.154269	0.087442	-0.199182	-0.056475	-0.134822	0.079000	0.200996	-0.227699	-0.227161	0.197082	0.282237	-0.045056	0.030579	-0.009044	-0.092088	-0.237150	0.364224	0.336386	-0.369427	0.165611	-0.263942	0.087841	0.205548	-0.232283	0.198241	-0.139630	0.185306	0.278892	-0.181851	-0.077521	0.382022	-0.070436	-0.069956	0.204838	-0.180467	-0.163149	-0.142812	0.279822	0.065930	-0.155754	0.399090	0.226580	-0.142808	-0.306523	0.061134	0.127889	-0.332449	-0.016797	-0.187510	-0.275235	0.003992	-0.219006	0.168844	0.245672	-0.036871	0.435021	0.051186	-0.017127	-0.443798	-0.038684	0.000906	-0.083549	0.200384	0.158531	0.022255	-0.133319	0.172681	0.017618	0.245351	-0.075893	0.050698	0.107679	-0.280320	0.043253	0.020437	-0.014585	-0.000000	-0.047139	-0.024128	0.141408	0.098082	0.214043	0.219898	0.132808	-0.037262	-0.026023	-0.035824	-0.211417	-0.031841	-0.061437	-0.294714	-0.064334	0.180652	-0.102102	-0.125784	-0.121106	0.040401	-0.265562	0.021310	-0.078101	0.108312	0.168334
-0.134095	-0.385926	-0.150091	0.129516	-0.202702	0.154737	-0.042426	0.307825	0.156546	0.113205	0.158544	0.205904	0.151916	0.133033	-0.196536	-0.096748	0.110306	0.225570	-0.018079	0.027183	-0.151675	0.301385	-0.189422	-0.131700	-0.075840	0.291574	-0.170850	-0.103385	-0.134715	0.188932	-0.309829	0.223971	0.127512	-0.120115	0.271063	0.330253	-0.195118	-0.542820	0.314886	0.095938	0.058339	-0.094943	0.171162	-0.139154	-0.208595	-0.280384	0.105817	-0.296548	0.359632	-0.033487	0.057757	0.218390	0.259908	-0.029160	-0.157019	-0.217177	0.430494	-0.071482	0.023130	-0.143870	0.155648	-0.336393	0.151780	0.328040	-0.078866	-0.253515	0.382023	-0.071400	0.136005	-0.134981	-0.063918	-0.215014	-0.266603	-0.226172	-0.268550	-0.064959	-0.263901	0.313171	-0.413346	-0.279257	-0.408015	0.101492	-0.067848	0.186176	-0.285224	-0.261599	-0.075278	-0.179151	0.319373	0.060771	0.038714	-0.052011	-0.064034	0.023102	-0.188654	0.000229	-0.263003	-0.106291	0.274812	0.013665	0.024346	0.053702	0.088437	-0.077736	0.208724	0.013421	-0.293548	0.099452	0.075283	-0.295774	0.117309	-0.300552	0.242063	0.228804	-0.091854	0.110612	0.073484	-0.720508	-0.369917	-0.078203	0.005003	0.450796	-0.085752	-0.228599	0.356645	-0.137211	0.276751	-0.276528
0.270411	0.020148	0.184526	0.529579	-0.299412	0.100198	-0.329621	0.001564	-0.072427	0.148292	0.267004	0.301798	-0.029518	-0.294695	-0.248902	0.225504	0.644555	-0.003188	-0.220630	-0.251461	0.006200	0.165523	-0.234327	0.313870	0.025122	-0.282763	0.046188	-0.269197	-0.325141	0.361786	-0.179291	0.112340	-0.399365	0.013581	-0.456763	0.616095	0.457794	0.499340	-0.316678	-0.005904	-0.180767	-0.475675	0.204733	0.517243	0.044786	0.270105	-0.075454	-0.152372	-0.457959	-0.341468	-0.167912	0.468315	-0.348146	-0.504664	0.150309	-0.323019	0.097186	-0.013860	0.144879	0.308335	0.103124	-0.171684	-0.124319	0.165807	-0.272878	-0.160260	-0.061684	-0.361808	0.202767	-0.202358	-0.117217	-0.307103	-0.583618	0.111398	-0.392780	-0.306189	-0.153683	-0.518562	-0.366375	-0.339824	-0.410467	-0.094529	-0.073263	0.092815	0.080301	0.142239	-0.471269	-0.370662	0.429662	-0.253414	-0.198943	0.090959	-0.248796	-0.135558	0.096758	0.130986	0.116099	0.089033	0.103309	-0.285035	0.248179	-0.355672	-0.340766	0.052149	0.416270	0.371452	-0.203516	-0.024549	0.208269	-0.019390	-0.217900	-0.262913	0.590056	-0.102381	0.093737	0.371388	-0.099666	-0.140871	-0.071185	0.263182	0.546579	0.409436	0.284963	-0.661267	-0.035564	0.239986	0.312111	-0.226334
-0.113932	0.171270	0.033745	0.177168	-0.281230	0.121179	0.094296	0.155816	0.048977	-0.246697	0.041840	0.239148	0.303486	-0.258604	0.039129	0.113185	0.292720	0.215081	-0.175952	-0.005057	0.193669	-0.178373	0.087761	0.035482	0.529932	-0.264701	-0.060295	-0.075705	-0.198898	0.042815	-0.096793	0.143021	0.223610	-0.202669	0.068937	0.022512	0.186543	0.246469	0.005447	0.234418	-0.015717	-0.069753	-0.273410	-0.128082	0.049314	0.014352	0.068782	0.073747	0.094019	-0.375222	0.516117	0.156418	0.167841	-0.052839	-0.154427	-0.095510	-0.161177	-0.046035	-0.176305	0.026784	-0.217021	-0.313075	0.062045	0.278091	0.387656	-0.184025	0.170356	-0.286912	0.159954	-0.120226	0.074728	0.179460	-0.308124	0.137129	0.181847	-0.093838	-0.154753	0.045544	0.084708	0.251344	-0.036165	0.259881	0.054040	0.349221	0.102537	-0.174613	-0.148939	-0.071944	-0.270872	-0.171024	-0.002096	0.316315	-0.104772	-0.013550	0.276938	-0.130186	0.067054	-0.246416	0.120723	0.069318	0.064619	-0.111617	0.083079	0.230584	-0.353633	-0.017826	-0.111398	-0.008713	0.096299	-0.007642	0.027182	0.115305	-0.066719	-0.079622	-0.370693	0.106979	0.078921	-0.490548	0.048845	-0.110488	-0.116290	-0.153422	0.003148	0.028414	-0.046590	0.160798	0.256604	-0.136602
0.116053	-0.173620	-0.086192	0.078651	-0.295870	0.108945	0.186524	0.320195	0.381512	-0.110002	-0.167045	0.494261	0.284972	-0.020954	-0.217952	-0.226937	0.002636	0.081635	-0.039679	0.176644	-0.013117	-0.121386	-0.198802	-0.104722	0.147852	0.151174	0.013709	-0.085341	0.073870	0.134287	-0.237974	0.060090	-0.409977	-0.298685	-0.049667	0.233603	0.094496	0.244095	0.117172	-0.156892	0.051846	-0.139213	0.259475	0.431096	0.194091	-0.036602	-0.004777	0.246062	-0.251879	-0.175296	0.409712	0.483742	0.094225	-0.025428	-0.117247	-0.044064	-0.121240	-0.232189	-0.037985	0.165658	0.123906	-0.208961	-0.136457	-0.050226	0.212068	-0.323619	0.533467	0.232487	0.135145	-0.196779	-0.023708	-0.000263	-0.132512	0.073526	0.149110	-0.236777	-0.484626	-0.300704	-0.341682	-0.137361	-0.020724	-0.019610	0.289095	0.374672	0.177121	0.100358	-0.042542	0.154071	0.092719	-0.102710	0.156015	-0.118991	0.319999	0.229633	-0.036067	0.250252	-0.162855	-0.060960	0.201233	0.150695	0.018757	-0.082376	-0.035644	-0.174974	-0.356467	-0.157618	0.144472	0.005837	0.146993	0.264343	-0.184646	0.057937	-0.088556	0.025583	-0.121758	0.051680	0.190219	0.195937	-0.306183	-0.078109	-0.316211	0.147851	-0.153586	0.060781	0.204656	0.437423	0.022048	0.112807
0.303424	-0.563955	0.373343	0.350492	-0.050344	0.225637	-0.152567	-0.489427	-0.307783	0.261738	-0.078513	0.013357	-0.162392	0.100467	-0.332638	0.225547	0.339553	0.522431	-0.006369	-0.028939	-0.013655	0.118358	-0.532915	-0.201753	0.627850	-0.101736	0.096976	-0.394463	-0.233366	0.094022	-0.289701	0.013113	-0.051523	0.073544	-0.216582	0.389013	0.014730	0.227050	0.199455	0.222757	-0.098814	-0.196108	-0.062824	0.271587	-0.076577	0.338488	-0.306066	-0.193998	-0.480610	0.091728	0.670852	0.337439	-0.394087	-0.163923	0.305839	0.005902	-0.073756	-0.148039	-0.511248	0.349756	-0.340170	0.349116	-0.055216	0.149974	0.233220	-0.072618	0.235539	-0.025821	0.056397	-0.259318	-0.289736	-0.427005	-0.203047	-0.183839	-0.243531	-0.522670	-0.486327	0.168561	-0.546569	-0.011103	-0.464948	-0.023389	0.120247	0.602902	-0.079836	-0.051615	-0.282460	0.003750	-0.214207	0.173328	0.202061	0.290161	-0.111890	-0.000426	-0.150000	-0.296344	0.305946	0.019935	0.071302	-0.197376	0.138988	-0.001535	-0.016146	0.171800	-0.130798	-0.027640	-0.413158	-0.115766	0.465895	0.004886	0.119866	-0.475097	0.194188	-0.125762	0.069352	-0.037255	0.046966	-0.150437	0.396607	0.026278	0.361253	0.214687	0.373111	-0.442913	0.081292	0.220114	0.027778	0.166651
0.067668	-0.375582	0.132915	-0.050060	0.154745	-0.203245	0.101384	0.070340	-0.201853	0.095169	0.065504	0.311814	0.244349	-0.169642	0.288229	-0.100962	0.487716	-0.149837	-0.162603	0.177444	-0.185507	0.051394	-0.059700	-0.114922	0.403755	-0.237226	0.003005	0.110359	0.086647	-0.007846	-0.284761	0.082747	-0.172811	-0.286764	-0.426380	0.493878	-0.132066	0.019906	-0.084226	-0.269277	0.557608	0.264942	0.223877	0.001198	-0.034448	-0.404321	-0.134373	0.147138	0.212248	-0.097747	0.207701	0.203917	0.004509	-0.180299	-0.001441	-0.140283	-0.114084	0.227368	0.225645	0.099401	0.074256	0.000562	0.264399	0.445798	-0.204270	-0.262392	0.031369	0.229303	0.342958	0.218537	0.361224	0.105625	-0.130279	-0.068503	-0.353069	-0.370014	0.044639	0.405624	-0.272141	-0.136030	-0.044351	0.180717	0.270368	0.093768	0.109513	-0.189899	0.150153	0.135273	0.229584	-0.308251	-0.035485	-0.110618	-0.259415	-0.104480	0.204987	-0.146721	-0.057583	-0.008296	-0.063407	0.035222	0.415652	-0.011676	-0.072170	0.019503	-0.247061	-0.094999	-0.054229	-0.252656	-0.143128	-0.138335	0.169806	-0.618022	-0.021654	-0.305217	-0.120425	0.049679	-0.252381	-0.140940	-0.337434	0.332886	0.350493	-0.000184	-0.025574	-0.185298	0.092031	0.368245	0.253209	0.361891
-0.035695	0.142833	0.330869	0.108762	0.111270	-0.015677	-0.004181	-0.213708	0.328624	-0.115385	0.153761	0.394473	0.106305	0.109213	-0.111839	-0.032085	0.438349	0.326899	-0.433632	-0.142196	-0.102796	0.093470	-0.321497	-0.092243	0.258668	0.215861	-0.254227	0.121228	0.297184	-0.035262	0.215947	0.061839	-0.271454	-0.422180	0.069791	0.395786	0.100323	-0.063446	-0.030704	0.328753	0.221259	-0.147247	0.320478	0.159570	-0.037493	0.293164	-0.093237	0.288793	0.095928	0.003769	0.394004	0.060819	0.090938	0.407886	-0.103840	0.065534	0.141437	0.074524	-0.031265	-0.345926	-0.240841	-0.030835	-0.223779	0.136709	-0.243495	0.067769	-0.298634	0.013003	-0.051510	-0.021215	0.264202	-0.070722	-0.217789	0.185232	-0.050563	0.052461	-0.219011	-0.105963	-0.098524	0.190695	-0.209143	0.273829	0.154162	0.217679	-0.211889	0.120026	0.093589	-0.138800	0.060918	-0.020598	-0.065668	0.054848	0.241739	-0.131720	-0.061716	0.062742	0.140569	-0.113586	0.321077	0.312421	0.238745	0.069010	0.112057	-0.294944	0.215094	0.009551	-0.140514	-0.167359	-0.234784	0.024876	0.323507	-0.405470	-0.312563	0.075278	-0.023098	0.100610	-0.093914	-0.489880	-0.429525	0.144226	0.005190	0.133961	0.226812	0.084301	-0.124395	0.279757	-0.075854	-0.191694
0.246969	-0.173800	0.426849	-0.146859	-0.377542	-0.285445	-0.236382	-0.004461	-0.193601	0.310397	-0.374244	0.381601	0.350172	0.210329	-0.199172	-0.241824	0.112349	-0.041890	0.231314	-0.246187	-0.224573	-0.024277	0.187479	-0.231839	-0.078468	-0.234259	-0.486663	0.403647	-0.349511	-0.137410	0.034714	0.178435	-0.323841	-0.248816	0.194647	0.036135	0.066776	-0.178921	0.292226	-0.067699	0.163325	0.093521	-0.031464	0.171803	0.230805	0.385717	-0.031037	-0.101724	0.220871	-0.227781	0.518191	0.462820	0.451703	-0.171778	-0.225691	0.008993	0.625628	-0.007877	0.119167	0.118775	0.145723	-0.229774	-0.247399	0.490821	0.100755	-0.075480	0.229649	-0.297126	-0.177121	0.246086	0.221174	0.018679	0.088749	0.203929	-0.061536	-0.454754	-0.050899	0.111932	-0.267578	0.061067	0.106745	-0.377952	0.168478	0.281702	0.118654	-0.237545	-0.112920	-0.098958	0.477687	0.108945	-0.169888	-0.048271	0.023960	0.308361	0.275263	0.098632	0.032034	0.140665	0.001869	-0.067243	0.051595	0.121748	0.336755	0.010853	-0.019595	0.208726	0.108419	0.335217	-0.066683	0.079523	0.336840	-0.288303	-0.181694	0.038053	0.171930	0.347967	-0.159748	-0.439387	0.147241	0.114374	-0.126076	0.329386	0.278397	-0.253000	0.038867	0.422851	0.231601	0.102377
-0.134534	-0.093086	-0.140945	0.211456	-0.134377	-0.059920	-0.155045	0.149325	-0.067006	-0.215033	0.193796	0.304014	-0.137940	-0.278860	-0.257724	-0.260302	0.528508	0.299578	0.143934	-0.091431	0.057275	-0.195193	-0.382346	-0.006050	-0.201181	-0.083874	-0.487658	-0.117503	0.178441	0.106747	0.012734	0.094183	0.065723	-0.064609	-0.171449	0.038222	-0.218589	-0.510497	-0.114226	-0.182985	-0.099674	0.087747	0.122431	0.196106	0.145800	0.005483	0.035459	0.005211	-0.095856	-0.052173	0.359258	0.202510	0.123756	0.148839	0.276897	-0.042893	0.193259	0.130318	0.218108	0.163941	0.070609	0.006277	-0.193016	-0.068212	-0.017401	0.281859	0.007886	-0.102808	0.128045	-0.047764	0.464948	-0.134908	-0.299842	0.149868	-0.486724	0.022157	-0.329492	0.193509	-0.124569	0.061276	0.279541	0.125870	-0.182688	0.175606	-0.289059	-0.386808	-0.098455	-0.324209	0.006819	-0.290336	0.503992	-0.154673	0.208477	0.103867	0.173719	-0.078216	-0.313606	0.387166	-0.096012	-0.100361	0.092747	0.109643	-0.025232	0.059954	0.118622	0.082715	-0.275294	0.015488	0.345311	0.155321	0.199034	-0.004264	-0.213982	-0.131960	-0.342065	-0.024923	0.059158	-0.379804	-0.450569	-0.157888	0.328968	0.383277	0.087092	0.125968	0.380021	-0.008863	-0.158254	0.343046
0.397714	-0.338722	-0.130793	0.056329	-0.404261	-0.241490	0.105136	0.016608	0.043805	0.055117	-0.257149	-0.006394	0.002243	-0.200003	-0.001239	-0.254848	0.135176	0.255450	-0.073499	-0.240960	0.124298	-0.059300	-0.237915	0.049933	0.384173	-0.129584	-0.279401	-0.043423	-0.126431	0.127279	-0.044568	0.071682	-0.041653	-0.233470	-0.123471	0.312817	-0.065045	0.066067	-0.114413	0.133244	-0.093531	-0.213153	0.198769	0.225889	-0.034875	-0.307328	0.100952	0.192179	-0.127271	-0.320615	0.537263	-0.304258	0.530197	0.112512	-0.046575	-0.036894	-0.037398	0.112713	0.291850	0.026991	-0.204952	0.368872	0.229017	-0.096388	0.039402	-0.209782	0.186191	0.097625	0.463828	0.038826	0.179420	-0.172790	0.146709	-0.026293	-0.226331	-0.033502	-0.246745	-0.181953	0.030824	0.227176	-0.237038	0.283965	-0.091603	0.102344	0.100186	0.177911	0.226071	0.020243	-0.019428	0.047335	0.358705	-0.091736	-0.204003	0.346337	-0.069662	0.292747	-0.400649	-0.043981	-0.182629	0.004745	-0.039361	-0.079940	0.350786	0.187581	0.317881	0.243664	0.086220	0.118259	-0.104535	0.139840	0.044252	-0.079238	0.089998	-0.025236	-0.079817	0.322783	0.005337	-0.390554	0.006279	0.413524	-0.040014	0.108129	-0.243516	-0.389908	-0.239676	-0.019313	0.290939	0.029221
0.196408	-0.552312	-0.152222	-0.263350	-0.124693	0.095553	-0.222085	0.202543	0.356631	-0.092044	-0.179961	0.492419	-0.012184	-0.009981	-0.076907	-0.059629	0.487751	0.202820	0.491494	-0.381065	0.377862	0.198288	0.013225	-0.194234	0.512484	0.148009	0.042683	-0.292954	0.111936	0.313979	-0.429331	0.043810	0.039630	0.077010	-0.157413	0.178585	0.124605	-0.422671	0.200131	0.302640	0.098406	-0.186056	0.385918	0.355583	0.197722	-0.044117	0.160360	0.348986	-0.210321	0.049240	0.401445	0.251777	0.169456	0.059630	-0.235553	0.211750	0.430576	-0.098277	0.116676	0.275376	0.244109	-0.441470	-0.052420	0.199422	0.010213	0.124869	-0.024272	0.140181	-0.284440	0.137886	0.177708	-0.059993	-0.134324	-0.124535	-0.097319	-0.080150	0.172908	-0.462983	-0.024402	-0.087313	-0.419825	0.063499	-0.209215	0.582434	-0.223614	0.177420	0.452956	-0.158476	0.300205	-0.741853	-0.199154	0.196149	0.296625	-0.252507	-0.029135	-0.255110	-0.058136	-0.285036	-0.126888	0.235235	-0.203017	0.191151	0.058295	0.274676	-0.251581	0.091084	0.217752	-0.329269	-0.050019	-0.096914	0.280310	-0.090451	0.219336	-0.192642	0.018769	0.024896	-0.547686	-0.402757	-0.367302	-0.313058	0.303817	0.132885	0.356639	0.021107	-0.323971	-0.180195	0.072410	0.038692
-0.052991	-0.132331	-0.043275	0.275522	-0.273544	-0.608611	0.297762	-0.136431	-0.079948	-0.014225	-0.054468	0.382339	0.289830	-0.585136	0.222985	-0.109600	-0.152118	0.227314	-0.087507	-0.081393	0.015952	0.192745	-0.045412	0.004435	0.158385	0.056132	-0.388729	-0.152876	-0.219593	0.308852	-0.225404	-0.040727	-0.198023	0.168091	0.346363	0.080735	0.043602	-0.005171	0.065595	0.001198	-0.036532	-0.340522	0.065765	0.099208	0.139514	-0.113540	-0.146818	-0.094062	0.201251	-0.176809	0.292680	0.240690	0.060582	0.055131	-0.169225	0.360340	0.118374	-0.031877	0.264239	-0.242352	-0.056130	-0.298215	-0.290397	0.064655	-0.333241	0.270734	0.169022	0.256134	0.149857	0.224209	0.072289	0.017721	0.191641	0.018517	-0.226632	0.168894	-0.395645	0.046286	-0.572660	0.294905	-0.160583	0.022001	0.057681	0.331998	-0.119993	-0.254596	-0.115586	-0.106365	0.186068	-0.018678	0.075902	0.077010	0.088645	-0.035353	0.185756	0.189377	-0.047692	0.230227	-0.009932	0.119361	0.506589	-0.076994	-0.078923	0.262001	0.088346	-0.332524	-0.004699	0.231799	0.349973	0.423453	0.247142	-0.197827	0.158106	0.225786	-0.323811	-0.090971	-0.253419	-0.065535	-0.197984	0.131344	0.203580	-0.182160	0.077341	-0.356588	-0.116765	-0.327675	-0.072264	0.251328
0.286228	0.093512	0.075207	-0.401848	0.156627	-0.147357	0.041031	0.131154	-0.291809	-0.308393	-0.091595	0.259906	-0.153498	-0.127674	0.423366	-0.114021	0.271751	0.272809	-0.024178	-0.101156	-0.098159	-0.225909	-0.099200	-0.145512	0.049038	-0.050402	0.040188	-0.307564	0.102857	-0.084866	-0.207753	-0.181280	0.176470	-0.273528	0.041539	0.103980	0.219193	0.409060	0.201849	-0.158081	0.105792	-0.319020	0.397730	0.057887	0.220201	0.110072	0.035136	0.093144	-0.079279	-0.161881	0.011413	-0.085678	0.241747	0.044323	-0.252257	-0.234377	0.173286	0.071726	0.085647	-0.233302	-0.249998	-0.401464	-0.296688	0.217160	0.298583	-0.083604	0.223057	-0.280657	0.017896	-0.076788	-0.312793	-0.235457	-0.035895	0.156065	0.026508	-0.156805	-0.046721	0.184281	0.152969	0.395373	-0.150713	0.158544	0.046164	0.312559	0.087959	0.057373	-0.202108	-0.197574	0.119802	0.019627	0.140168	-0.142020	0.096660	-0.014162	-0.015942	0.007960	-0.112684	0.208454	0.375235	-0.064298	0.410373	-0.060885	0.159256	0.104493	-0.028652	0.145736	-0.374111	-0.226965	0.204160	0.054787	-0.414456	-0.197134	0.232904	-0.373192	0.034214	-0.221810	-0.176658	-0.106209	0.065566	-0.220738	-0.227148	0.097955	-0.101132	0.077033	0.062703	0.110692	0.285907	0.399139
0.057434	0.120216	0.235479	0.271730	-0.272800	0.180566	-0.091799	0.177390	-0.096987	-0.111951	0.039040	0.202384	0.357196	-0.336427	-0.301765	-0.390773	0.192902	0.089248	-0.030999	0.066592	0.302595	-0.181479	0.128320	0.091762	-0.046257	-0.092642	-0.412483	-0.333693	0.252304	-0.005837	-0.543787	0.126869	0.380437	-0.398783	0.189539	0.074862	0.465525	-0.252166	0.206659	-0.141857	-0.312198	0.252918	0.060569	0.188846	0.273396	0.052716	-0.504770	0.379916	0.156326	0.269520	0.306094	0.269347	-0.076187	0.167924	0.176767	0.318187	0.476562	0.181337	-0.114882	-0.078716	0.092628	-0.349017	-0.091553	-0.188492	0.045718	-0.255847	0.090753	0.116269	0.088698	-0.194542	0.179037	-0.282713	0.138939	0.073645	-0.075749	0.057859	0.134525	-0.449620	0.178719	0.180262	-0.490778	0.633998	-0.268281	0.487253	-0.053732	0.347044	0.103105	0.287681	0.014301	-0.171321	0.095586	-0.181224	-0.215518	-0.113190	0.402251	-0.076029	-0.069605	0.215652	0.045083	0.340005	0.144295	-0.106382	0.442864	0.272916	0.165885	-0.068398	-0.537132	-0.063057	-0.156369	-0.135297	0.376728	-0.559793	0.138056	0.168935	0.555847	0.079685	-0.492158	0.039851	-0.586597	0.136374	0.326156	-0.146038	0.106377	-0.349456	-0.227960	0.443136	0.451748	0.010355
0.277541	0.009605	0.240761	-0.047814	0.143551	-0.055456	-0.162253	0.199282	0.171702	-0.177217	-0.064605	0.358474	-0.173718	-0.004663	-0.359267	-0.278497	-0.098210	0.042015	0.049476	0.219099	-0.196528	0.240414	-0.169778	-0.230233	-0.210001	-0.275403	-0.385366	0.108200	0.161463	0.224954	-0.200976	0.316680	-0.270474	-0.331056	0.302879	0.379563	0.138126	-0.427901	-0.417079	-0.077403	0.076148	0.317221	-0.078480	-0.035875	0.141221	-0.202071	-0.158238	0.111565	-0.058669	-0.070990	0.300969	0.204214	0.118353	0.275399	0.200514	-0.540180	0.505359	-0.308154	0.279529	0.064392	-0.357082	0.044124	-0.368012	0.585274	-0.094371	0.141136	0.156776	-0.350941	0.307676	0.284781	-0.080759	-0.262791	-0.318488	0.034901	-0.112732	0.081499	-0.247963	0.215124	-0.025542	0.277316	0.084798	0.095930	-0.278892	0.585022	-0.461341	-0.019835	-0.429174	-0.289492	-0.051781	-0.370159	0.040147	-0.022187	-0.466437	0.100996	-0.221934	-0.003966	-0.012694	0.010182	-0.221014	-0.213761	0.077693	-0.243217	-0.220877	0.127437	0.016379	0.021778	-0.364736	0.202342	0.000777	0.363844	0.634733	0.079592	0.303248	-0.093694	-0.316207	-0.185781	-0.062812	0.172657	-0.056836	0.245446	-0.069423	-0.029032	0.117277	0.205730	0.031516	-0.043289	0.064988	0.363297
0.221739	-0.142425	-0.232971	-0.137681	0.164442	-0.109509	-0.085638	0.213660	0.015850	-0.000674	-0.152794	-0.058670	0.030804	-0.061276	-0.266802	-0.319166	0.144805	0.330210	-0.049294	0.039397	-0.137973	0.170599	-0.348996	-0.116144	0.177349	0.013630	-0.023114	-0.175859	0.009171	0.318633	0.093014	0.104306	0.008580	-0.068756	-0.070436	0.136772	0.393763	-0.003183	0.107624	-0.119871	-0.122989	-0.166745	-0.068734	-0.180268	-0.065593	0.073078	-0.164391	0.135739	0.086680	-0.290940	-0.047408	0.361646	0.049606	-0.194988	-0.020537	0.088921	-0.008922	-0.145032	-0.061562	0.016753	-0.040862	0.188444	-0.025113	0.569684	-0.087787	-0.021106	0.060748	0.336035	0.199643	-0.178079	0.051283	-0.060198	-0.078989	0.013244	0.048590	-0.020554	-0.244118	-0.080553	-0.025293	0.468275	0.271298	0.051861	-0.237806	0.209144	0.117016	-0.576387	-0.073379	-0.165717	0.402273	-0.074010	-0.026980	-0.003185	-0.073992	-0.247486	0.020764	-0.038279	-0.306756	0.252937	0.391115	0.401428	-0.127055	-0.023294	-0.067975	0.201411	-0.016578	0.112473	-0.177408	0.202490	0.037585	0.245848	-0.203688	-0.135540	-0.126588	-0.142720	-0.076636	0.236783	-0.170356	-0.259470	0.062318	-0.207941	0.141932	0.208114	0.067037	0.021003	-0.021135	0.125646	0.123961	-0.053628
-0.007980	-0.108116	0.184931	-0.226286	0.415291	0.128446	-0.246500	0.247502	-0.239557	-0.078830	-0.111084	-0.051223	0.133986	-0.225913	-0.295880	-0.050178	-0.224992	0.167668	-0.226879	0.377742	0.287447	-0.111707	0.232521	-0.042827	0.032377	0.059164	-0.284395	-0.083183	-0.086640	0.003270	0.057555	0.367159	-0.109818	0.032533	-0.338189	0.347055	-0.119354	0.219597	-0.013607	0.023125	0.078884	-0.261026	0.149973	-0.124487	0.453296	-0.087566	-0.177319	-0.094018	-0.100415	-0.148289	0.228693	0.315339	0.251694	-0.236435	-0.279682	0.128899	0.136828	-0.302156	-0.293332	-0.363305	0.148654	0.047042	-0.277168	0.637178	0.287277	-0.244065	0.120027	-0.036025	0.126046	-0.158738	0.454745	-0.207821	0.173009	-0.023959	-0.434562	0.214981	-0.408907	0.235195	-0.342172	-0.045037	0.134085	0.356585	-0.129426	-0.033363	-0.187781	0.480899	0.228885	-0.169329	-0.018565	-0.268804	-0.432674	0.301718	0.079922	-0.106285	0.023672	0.071665	-0.398463	-0.083256	-0.107576	-0.306374	0.601942	-0.011654	-0.146207	0.263242	0.336223	0.233829	-0.117454	-0.264678	0.084877	0.089345	0.034267	-0.123019	-0.096915	-0.348799	-0.214128	-0.051011	-0.356262	0.018812	-0.449057	0.421359	-0.299132	0.399212	-0.052902	-0.298490	0.063279	0.161675	0.091031	0.058254
0.124389	0.173290	0.162327	0.200398	-0.089880	0.278097	-0.233328	-0.056163	-0.048072	-0.365982	-0.009077	0.037146	0.470188	-0.152127	-0.342207	0.074895	0.224469	0.422330	0.328636	-0.391008	-0.258365	0.419853	0.023492	0.094821	-0.275743	0.206526	0.215937	0.069081	-0.508745	0.370699	-0.240044	0.171918	0.207129	0.196959	-0.412505	0.722328	-0.229007	0.286743	0.059528	-0.039665	0.261181	-0.292413	0.337741	-0.200789	-0.224114	0.114428	0.178543	-0.027456	0.079566	0.147628	0.536030	0.055367	0.300597	0.127556	0.327845	0.223182	0.396491	-0.156781	0.387924	0.112103	-0.192152	0.004789	-0.630447	0.340855	0.394990	-0.184350	-0.027485	0.211172	0.066902	0.468214	0.027883	0.107827	0.201406	0.337390	-0.263832	0.118069	-0.465036	0.166364	0.035892	0.113684	-0.129697	0.336955	-0.310607	0.386733	-0.325361	-0.252536	-0.014216	0.139459	0.133934	0.219004	-0.382988	-0.237922	-0.017661	0.675944	0.342931	-0.154973	-0.089935	0.515003	0.137249	0.443883	0.152801	-0.034233	-0.350599	-0.044083	-0.445727	-0.033366	-0.132943	0.265892	-0.207554	0.082021	0.220047	0.180172	0.254655	-0.362755	-0.106650	-0.010872	0.265406	0.005501	-0.191517	0.177412	-0.245000	0.030962	-0.115771	-0.419824	0.078855	-0.100245	0.313549	0.205321
-0.081381	-0.327205	-0.000039	-0.043235	-0.254675	0.248936	0.191705	-0.431917	0.078900	-0.480663	-0.220105	0.164255	0.423483	0.220065	0.040898	-0.184153	0.458392	0.062742	0.106130	0.015152	-0.099709	0.067604	0.275287	-0.229682	0.336552	0.130548	0.068189	-0.195282	-0.005719	-0.576753	-0.178104	0.330833	-0.159674	-0.332179	-0.240518	0.424330	-0.128204	-0.083243	-0.059958	-0.340556	-0.053492	-0.360606	-0.228914	0.070544	0.001869	-0.183297	-0.226880	0.086360	0.086740	0.148706	-0.023957	-0.155579	0.292774	-0.061811	-0.251994	-0.365107	0.062080	0.089929	-0.005020	-0.164636	0.134958	0.028132	-0.259877	0.027057	0.090734	0.162567	-0.196817	0.230453	0.103687	-0.450835	0.159850	-0.511205	-0.533241	-0.205902	-0.141443	-0.212373	-0.323993	-0.130625	-0.219780	-0.022877	0.194989	0.152916	-0.218065	0.398209	0.248090	-0.118469	-0.243517	0.108247	-0.086384	-0.564914	-0.061290	-0.157033	0.217360	-0.016311	0.022861	0.151335	-0.403707	0.220690	-0.145560	0.166783	0.690420	-0.399691	-0.145341	0.360904	-0.120545	0.109870	-0.098875	0.224372	-0.155826	0.448201	0.408372	-0.095535	0.161758	-0.148474	0.065922	0.005389	-0.231115	-0.508551	0.020946	0.059109	-0.158260	-0.035815	0.381918	-0.681540	0.374900	0.094205	-0.213197	0.105363
0.274433	0.075846	-0.190832	-0.028830	-0.113105	0.126044	-0.114278	-0.176171	-0.044032	0.251096	-0.109555	0.145209	0.437223	0.136231	-0.426781	0.249417	0.170653	-0.093512	0.180381	0.290576	0.057540	0.117819	-0.275209	-0.129686	0.037515	-0.296872	0.361869	-0.274712	-0.175701	0.047139	-0.434252	-0.282259	0.219348	-0.371205	-0.006473	0.262289	-0.273726	0.200333	0.204986	0.100194	-0.370893	-0.169505	0.404281	0.071394	0.223565	-0.123683	-0.327883	0.193882	0.281859	-0.100276	0.406134	0.092325	0.218093	0.136739	-0.430744	-0.344541	0.255666	-0.342555	-0.033253	-0.438980	-0.369169	-0.163620	-0.209028	0.063791	0.120791	0.449043	0.090565	-0.184957	0.494796	-0.295433	0.048741	0.286441	-0.011114	0.374486	-0.283731	0.029789	-0.102126	-0.347805	-0.374264	0.184468	-0.113189	0.109116	0.161764	0.291449	0.053764	-0.186172	-0.075283	-0.065941	0.395117	-0.274711	0.132316	0.081030	0.076489	0.262620	0.236487	-0.168053	-0.013845	-0.153752	-0.224347	0.250104	0.242512	0.218475	0.193561	-0.046923	0.222224	0.088769	0.078111	0.046361	0.058044	0.124196	0.329643	-0.126118	0.164820	-0.125492	-0.345551	0.450142	0.388846	0.042950	0.075808	0.167644	0.471164	0.579002	-0.195229	-0.002093	0.359903	0.176030	-0.391435	0.145120
0.431250	-0.434669	0.154259	0.024667	-0.194883	0.177079	-0.182996	-0.700160	-0.125527	-0.529957	-0.369073	-0.136918	0.233884	0.015048	0.069364	0.018552	-0.032355	-0.187452	-0.128197	-0.031578	0.124915	0.289914	-0.319069	-0.328645	-0.303973	-0.423793	-0.300937	0.254952	-0.057919	0.212800	-0.063412	0.123888	0.039808	0.053194	-0.527376	-0.050467	-0.147473	-0.121783	0.229275	0.379593	-0.013862	-0.090830	-0.054802	0.167101	-0.125375	0.138048	0.021371	0.235390	0.388372	-0.290626	0.151498	0.208558	0.093646	-0.270925	0.038185	-0.197397	0.601090	0.060285	0.338614	-0.264338	0.116983	-0.010834	-0.135153	0.058199	-0.105568	-0.396987	0.013656	0.059127	0.045552	-0.218858	0.386557	-0.060462	0.009890	-0.221283	0.076439	-0.274430	-0.466262	0.032440	0.004534	0.201241	-0.391414	0.559033	0.206944	0.497260	0.299954	0.125225	-0.094956	-0.435073	0.195296	-0.233063	0.193309	0.227008	0.131469	-0.074673	0.113392	0.288129	-0.223585	0.094117	0.094769	0.186796	0.002032	0.261369	-0.140618	0.284861	-0.024623	-0.637290	-0.456380	0.170355	0.331263	0.229415	0.145414	0.001262	-0.192550	-0.324512	-0.221526	0.028769	-0.316215	0.041328	-0.119437	0.240923	-0.136492	0.198267	-0.202542	-0.227104	0.232785	0.154514	-0.211339	0.116692
0.140802	-0.177674	0.226765	-0.212416	-0.083809	0.028687	0.207730	-0.143972	-0.096425	0.407518	0.545957	0.125611	0.151131	-0.120037	-0.281985	-0.026730	0.256179	0.232090	0.175398	-0.074463	0.047924	0.244394	-0.206055	0.183142	0.105148	-0.006143	0.157997	-0.082864	0.364770	-0.074591	-0.277627	0.085359	0.141390	-0.140562	-0.374608	0.149713	0.142025	0.443742	0.040535	0.094847	0.355050	-0.426474	0.028409	0.204900	0.199446	0.240109	-0.027277	-0.105804	-0.068778	0.186438	0.314965	0.261625	-0.097702	0.064911	-0.251717	-0.006161	0.731185	-0.427638	0.010762	0.277204	-0.035758	0.012700	-0.234148	0.310931	-0.043943	-0.011774	0.414887	-0.297431	0.356578	-0.551507	0.456144	0.162398	0.064983	0.246972	-0.241772	-0.515903	-0.052666	0.123706	-0.503596	0.333442	-0.406816	0.161965	-0.234745	-0.082543	0.050820	-0.529750	0.249307	0.047170	0.123853	-0.025646	0.489925	0.243677	0.269177	0.141267	0.173440	0.243530	-0.495708	-0.233577	0.234514	-0.250314	0.186210	0.165787	-0.500989	0.402359	-0.053701	0.176667	-0.412407	0.476372	-0.068775	0.248325	0.462341	0.019918	0.172458	-0.058410	0.171324	0.247368	0.407631	0.060210	-0.051377	0.200422	-0.162815	-0.180549	-0.065933	0.115970	-0.038219	0.090254	-0.073568	-0.039434
0.444541	0.171578	0.277045	-0.248591	-0.358337	0.278937	0.193214	-0.008800	-0.209795	-0.176625	0.270881	0.142274	0.271729	0.161471	-0.161813	-0.336254	0.100751	-0.202448	0.299846	0.255784	0.247594	-0.302033	0.045918	0.043925	0.222506	0.289611	0.010404	0.115392	0.125582	0.446848	0.094598	-0.179038	0.258548	-0.453700	-0.387066	0.045842	-0.197659	0.395372	0.169135	-0.327740	-0.413377	-0.078790	0.342130	0.058805	0.155765	0.375947	0.204740	-0.461793	-0.037321	-0.470919	0.046624	0.320516	-0.296450	-0.081528	-0.207384	-0.246230	0.029794	-0.268966	0.034976	-0.108024	-0.084200	0.244342	0.017308	0.589622	0.203763	-0.108742	0.475802	0.282107	-0.163574	0.373418	-0.161832	-0.072035	0.076100	-0.052628	-0.627077	0.147095	-0.457319	-0.083305	0.465972	0.327546	-0.331245	0.123808	0.478840	0.074128	-0.391049	0.005431	-0.400835	-0.300745	-0.012105	-0.455374	0.016974	-0.091535	-0.112501	-0.066397	0.059907	0.265371	-0.187054	0.237992	-0.238517	-0.126908	0.410756	-0.312770	0.070140	-0.164924	-0.155398	-0.245446	-0.324909	-0.169643	-0.340897	0.505353	0.077918	-0.257026	0.421370	-0.424592	-0.065958	0.343028	-0.021725	-0.311079	-0.325672	-0.149548	-0.226378	0.164517	0.430811	-0.270400	-0.127240	0.277358	0.118914	-0.255721
0.425439	0.002027	-0.191774	-0.309945	0.418397	0.353685	-0.260138	0.520087	-0.060558	-0.087312	-0.089539	0.218630	0.071704	-0.088079	0.108489	-0.090037	-0.167636	0.505278	-0.010676	-0.275484	-0.468246	-0.501800	-0.279356	0.011860	0.241317	-0.045512	0.324957	0.145147	-0.618970	-0.390432	-0.152703	-0.270636	0.397941	-0.223970	0.379263	0.541605	-0.058899	0.143363	0.256554	0.126433	-0.482563	-0.007746	-0.243075	0.234433	0.123378	0.240452	0.354549	0.077299	-0.357800	0.053907	0.293901	-0.016813	-0.069860	-0.257847	-0.167558	-0.343924	0.157341	-0.068668	0.023300	0.160142	0.138490	0.046127	-0.143646	0.246728	-0.583593	-0.613463	-0.122882	0.208488	0.662912	0.037486	0.080663	0.161062	-0.047893	-0.085694	-0.684117	0.314974	-0.035328	0.411885	0.187726	0.153159	-0.223694	0.233249	-0.144741	0.455569	-0.451365	-0.107053	-0.187554	-0.657394	0.530461	-0.200975	-0.078013	-0.111144	0.078921	-0.423659	0.473394	0.489260	-0.215644	-0.079181	0.206715	-0.356506	0.430996	-0.195619	0.189246	0.006815	-0.505005	0.148921	-0.060255	-0.111278	0.133560	0.481097	0.304341	0.238026	-0.035889	-0.803381	-0.068699	0.080038	-0.109695	0.330227	-0.219765	-0.001888	-0.159796	-0.155296	0.203352	0.003169	0.265744	0.194052	0.260832	0.038042
0.138182	-0.188867	0.016466	0.109657	0.170360	0.506805	0.015231	0.042615	-0.432776	0.331387	-0.043991	0.370821	0.003964	-0.177061	0.041293	0.414070	-0.327898	0.436062	-0.367617	-0.190100	0.195347	0.250033	-0.449607	-0.205132	0.752257	0.411429	0.171637	-0.580332	-0.354303	0.180765	-0.122351	0.045549	-0.132985	-0.306571	-0.650817	0.004859	-0.158655	-0.241978	0.705182	-0.316342	-0.123644	-0.398449	0.079140	-0.235202	0.592089	0.384130	-0.027879	0.506268	0.078018	-0.270713	0.009819	0.331315	0.191562	0.075891	-0.007836	0.038335	0.089382	0.629629	0.200413	0.190756	-0.649620	0.418047	-0.251099	0.484068	0.040500	-0.098911	0.476015	-0.229480	0.080369	-0.046214	-0.237229	0.162637	-0.482576	-0.030269	-0.038806	0.191287	0.010837	0.021266	-0.516192	-0.642877	-0.046647	0.159191	0.222080	0.303622	-0.301055	0.062780	-0.292609	-0.282759	0.566880	-0.153157	0.316890	-0.037295	-0.399787	0.342035	0.526439	0.118312	-0.163423	-0.185318	-0.063691	-0.189586	0.171635	-0.436414	0.154393	0.235914	-0.200095	0.338013	-0.233826	0.011491	0.209515	0.263131	0.883948	-0.068772	0.253865	-0.100941	0.030293	0.267246	0.307568	-0.147145	-0.075571	0.428543	0.060271	-0.232198	0.302579	-0.043945	0.435471	0.119166	-0.117047	0.388038
0.358136	0.423958	-0.177181	-0.110813	-0.030984	0.453634	-0.233076	0.408589	0.123988	-0.113846	-0.210273	0.447251	0.346373	-0.204119	0.094052	0.146250	-0.207392	0.298433	-0.173215	0.198303	0.268163	0.077355	-0.027617	0.288289	-0.124163	0.234841	-0.044902	0.000640	-0.103474	-0.010041	0.319237	0.045764	-0.215673	-0.239571	-0.289525	-0.237538	-0.096345	-0.133293	0.084284	-0.360469	-0.140243	-0.254655	0.370454	0.241725	-0.121368	0.182459	0.199219	0.106831	-0.360845	-0.311384	0.051810	-0.303099	0.364028	-0.096968	-0.196731	0.378499	0.618708	-0.173779	-0.046464	0.047135	-0.065747	0.276492	-0.168117	0.697032	-0.493380	-0.261193	0.212019	-0.214908	0.229073	0.014215	0.432920	-0.306417	-0.069498	-0.082056	-0.403856	0.030713	-0.335419	0.315199	-0.131574	0.248931	-0.281799	0.100823	0.270030	-0.147161	-0.127741	0.157216	0.099852	0.188787	-0.037224	-0.204732	0.321814	-0.055657	-0.291805	-0.274364	-0.055229	-0.329650	0.240924	-0.043066	-0.342210	-0.035398	0.775479	0.343574	0.104492	0.144665	-0.387278	0.177252	-0.422711	0.321061	-0.024517	0.165371	0.100477	-0.028022	-0.039441	-0.228496	-0.338552	0.175264	-0.435743	-0.022192	-0.004967	-0.068041	0.158042	0.376013	0.225005	-0.364485	0.058732	0.424520	0.279885	0.066078
0.617161	-0.339361	0.297399	-0.181874	-0.262851	-0.058981	-0.453883	0.064831	-0.123381	-0.204467	0.367559	0.084214	-0.233369	-0.330356	-0.106315	0.447678	0.431132	0.387916	0.189261	0.220372	0.006581	0.220974	-0.306430	-0.303963	0.467857	0.063919	0.029482	0.064385	-0.726479	-0.190741	0.127889	-0.350273	-0.078949	-0.160947	-0.520809	0.203953	0.205542	-0.021819	-0.134337	-0.020234	0.610088	-0.164305	0.135836	-0.198512	-0.329552	0.000461	-0.556944	-0.092014	-0.441441	0.170660	-0.052717	0.514980	-0.121589	-0.089792	0.002097	0.173799	0.282582	-0.132463	-0.192118	0.255947	-0.007291	-0.221110	0.081706	-0.438146	-0.177680	0.342279	0.400807	0.034215	0.328239	0.097361	-0.363739	-0.485318	-0.197572	0.498858	0.004703	-0.427325	-0.546813	-0.142707	-0.367818	0.139439	-0.313854	0.438649	0.749926	0.036176	0.035226	0.121202	-0.268532	-0.307918	0.682767	-0.216981	0.106622	0.250945	-0.203331	0.437343	0.331527	-0.473442	-0.419474	-0.047154	0.409388	-0.273993	0.147423	0.133681	0.142213	-0.130524	-0.228511	0.271932	-0.363483	-0.203138	0.479736	0.329270	0.783442	-0.168196	-0.051618	-0.111398	0.026582	0.096577	0.116712	0.003725	-0.081232	0.278256	-0.177277	0.142810	0.172522	-0.403593	0.030527	0.211703	0.101903	-0.369101
0.150733	-0.394627	-0.108834	0.408771	-0.011183	0.321734	-0.306475	-0.155461	0.430405	-0.034326	-0.471155	-0.001027	0.208858	0.065075	0.029852	-0.194457	0.065046	0.275337	-0.116446	0.177922	0.105438	-0.158496	-0.107628	-0.290703	0.293449	0.131260	0.119839	0.174736	-0.225444	-0.365775	0.154065	0.011939	-0.448060	-0.133294	-0.199930	-0.155797	0.240842	-0.079569	0.163422	-0.038077	0.460542	0.133279	0.501673	-0.423615	0.261675	0.122323	-0.142382	0.057740	-0.362295	0.164985	0.452462	0.098110	-0.008047	-0.221799	-0.577568	0.356160	0.433216	0.158121	0.411207	0.119423	0.360361	0.011197	0.167699	0.006854	0.491392	-0.080141	0.064984	-0.115073	-0.087898	-0.047782	-0.081614	-0.119214	0.069297	0.359267	-0.527406	-0.121146	-0.331461	-0.048078	0.103168	0.552242	-0.417016	0.355984	0.086837	-0.073378	-0.278060	-0.367175	-0.643796	-0.140721	0.422471	-0.444675	0.013324	-0.468837	-0.199933	0.132832	0.182965	0.267462	0.040717	-0.288853	-0.228062	0.120370	0.439537	-0.471009	-0.362574	0.318679	0.389416	-0.271111	-0.419387	0.260140	-0.085430	0.043193	-0.050047	0.125539	0.196196	-0.178056	-0.126365	-0.147665	-0.052139	-0.424144	-0.229142	0.494473	0.260149	-0.024931	-0.116241	-0.144513	-0.203538	0.342569	0.102660	0.615738
-0.050157	-0.451593	0.146442	-0.082109	-0.067569	0.127146	0.063475	-0.392375	-0.221977	-0.415898	-0.202869	0.270778	0.187185	-0.283755	-0.656771	-0.158675	0.260193	1.078505	-0.030332	0.238273	0.084419	0.759259	-0.378740	0.350839	0.589562	0.349196	0.176738	-0.556963	-0.548865	0.282837	0.130771	-0.074955	-0.304908	-0.068899	0.053525	0.014992	-0.448721	-0.101856	-0.171330	0.021507	-0.248201	0.060957	0.411379	0.449434	0.453506	0.292714	-0.196880	-0.026135	0.424734	0.113432	-0.169499	-0.236695	0.146213	-0.547258	-0.253930	-0.335030	0.152626	0.122929	-0.428940	-0.176820	0.133038	-0.277515	-0.127483	0.696973	0.408405	-0.039902	0.359673	-0.338599	0.169502	0.139512	-0.044469	-0.164420	-0.380466	0.320480	-0.258060	0.116510	-0.262358	0.151529	-0.176306	0.139866	-0.157214	0.290396	-0.032026	0.086095	0.038888	0.262618	-0.421972	-0.332845	0.808905	0.064211	0.166716	-0.109576	-0.282455	0.447805	0.031525	-0.007224	-0.531369	-0.369420	0.071647	0.060554	-0.319704	0.332291	0.406204	0.243676	-0.371359	-0.278241	-0.008006	0.353709	-0.011935	0.326489	0.276000	-0.319883	-0.055074	-0.092953	0.475024	0.538069	0.399069	0.349845	-0.453514	0.215669	0.686231	-0.188131	-0.124417	-0.057221	0.194748	-0.213229	-0.120687	0.493282
-0.171775	-0.396230	-0.236354	-0.174655	-0.335806	0.172696	-0.223053	-0.346917	0.310511	-0.156098	0.035674	0.056451	0.747107	-0.261009	-0.571865	-0.312283	0.423730	0.671518	-0.093197	-0.135085	0.155159	-0.088158	-0.197576	0.028373	0.420990	0.267046	-0.490579	-0.059590	-0.086101	-0.167040	-0.197754	-0.526489	-0.284838	-0.444557	-0.112142	0.363619	-0.324917	0.383787	-0.097138	-0.297012	-0.038961	0.062499	-0.344744	-0.222815	0.261672	0.199862	-0.190344	0.333739	0.153220	-0.173473	0.015909	-0.468456	-0.193587	-0.055307	0.019125	0.222271	0.782669	-0.197935	0.329739	-0.061448	-0.016595	-0.341688	-0.270129	0.095353	0.001288	-0.234624	0.144286	-0.089312	0.146476	0.210220	-0.384449	0.165804	-0.400665	0.246572	-0.499579	-0.301281	-0.257528	-0.041997	0.251108	-0.113299	0.112792	-0.316612	-0.159173	0.575813	-0.495240	0.215408	0.386072	0.103884	0.018265	-0.144873	-0.095254	0.149520	0.231656	0.016761	-0.121014	-0.561094	-0.152578	-0.164182	0.222098	0.068569	-0.148712	-0.193628	0.176434	0.440250	0.088388	-0.483937	-0.484515	-0.431937	0.538331	0.378397	0.150414	-0.159474	-0.238982	0.387675	0.373270	0.209496	-0.522605	-0.468468	-0.526833	0.256186	0.598320	0.200231	-0.144829	-0.011101	-0.277180	0.150735	0.102133	0.278267
0.324925	-0.508997	0.075523	0.162256	-0.009807	0.553455	0.074594	-0.019525	0.340533	0.092980	-0.032585	0.672305	-0.034085	0.052119	-0.799762	0.049268	0.413399	0.899493	0.081229	-0.353610	-0.114838	0.328776	-0.084867	-0.417622	-0.048350	-0.124043	-0.243495	0.596796	-0.073948	0.077565	-0.496233	0.233078	-0.235197	-0.357502	0.243346	-0.270733	0.069935	-0.012138	0.229766	0.320307	0.160411	-0.128462	0.513070	-0.078400	0.018280	0.365654	-0.249433	0.755587	-0.089879	-0.097472	0.227270	-0.267660	-0.247375	0.111630	-0.105807	-0.109733	0.072320	0.169600	0.388111	-0.463015	0.107713	-0.020341	-0.364711	-0.267433	0.282270	0.165471	-0.310400	-0.277056	0.167661	0.075679	0.248914	-0.028143	-0.185943	-0.510688	0.013761	-0.318192	-0.257235	0.207536	-0.251065	-0.041051	-0.327050	-0.071545	-0.272637	0.244926	-0.505459	-0.595335	0.092225	0.147684	-0.262768	-0.343548	0.127915	-0.216184	-0.076279	0.467675	0.190778	-0.107387	-0.751691	0.328056	-0.425687	0.515912	0.590716	-0.441087	0.089532	-0.033294	-0.059685	-0.009161	-0.080932	-0.440682	0.146191	0.187564	0.120634	-0.710093	-0.115271	0.113858	0.068453	0.300461	-0.768366	-0.148043	-0.274827	0.198207	0.126450	0.420637	0.615341	0.243572	0.034870	-0.065266	0.103156	-0.641424
0.312172	0.074765	0.118883	0.077668	0.201326	0.089359	0.057667	0.104769	-0.230678	-0.339703	-0.247810	0.105802	0.420158	0.087203	-0.263832	0.328988	0.038384	-0.090223	0.330906	-0.111003	0.210565	0.433062	-0.500543	-0.434170	0.526037	0.083761	-0.123316	0.171512	-0.067206	0.376462	-0.436299	-0.137851	0.163622	0.086711	-0.243605	0.396288	0.208300	0.124911	-0.115614	-0.315967	0.166904	-0.137051	0.265293	-0.195405	0.462634	0.019126	0.028378	-0.005240	-0.064671	-0.490674	0.316376	0.139600	-0.002000	-0.352773	-0.060187	0.195221	-0.298096	-0.022010	0.131841	0.206794	-0.139507	0.251214	-0.263062	-0.173298	0.107288	0.148425	0.350370	0.285643	0.324226	-0.041843	0.227656	-0.096186	-0.328541	0.112783	-0.264181	-0.312807	-0.353499	0.183814	-0.102833	0.482208	-0.123389	0.524086	0.020471	0.097746	-0.644787	-0.012512	-0.246664	-0.164417	0.475174	0.054022	0.050508	-0.341100	0.116636	0.228410	0.525704	0.257875	-0.034373	-0.477096	0.239214	-0.364816	-0.071489	0.135502	0.365961	-0.142152	0.099467	0.125489	-0.516840	0.247915	0.077540	-0.010253	0.394301	-0.277885	0.335547	-0.040955	0.149091	-0.232101	-0.643465	0.077026	-0.253019	-0.291482	0.324290	-0.083214	0.059611	-0.398340	-0.258389	0.386188	-0.064168	-0.300076
0.230552	-0.091003	-0.128451	0.034685	-0.215036	-0.022030	-0.300467	-0.233105	0.013519	0.308228	-0.064944	0.685146	-0.438466	-0.529963	-0.203734	-0.371280	-0.146165	0.297459	-0.186665	-0.099081	-0.004233	0.390325	-0.370206	-0.138415	0.547564	-0.137902	0.035195	-0.382326	-0.258580	0.052743	0.026497	-0.478795	-0.430908	-0.064321	-0.263518	0.228518	-0.291373	-0.311543	0.178195	-0.351712	-0.404650	0.107287	0.281648	-0.244640	0.393197	0.119664	-0.145855	0.158345	0.348890	-0.308311	0.123628	0.197849	0.538257	-0.202695	0.015763	-0.062684	-0.038652	0.003767	-0.352077	-0.104422	-0.311648	-0.166691	-0.627045	0.004894	0.316441	-0.375110	0.316215	-0.147142	0.043115	-0.190312	-0.236469	-0.190975	-0.599162	0.689494	0.104346	0.291617	-0.333915	0.235890	0.018311	-0.575458	-0.626412	0.389241	0.324384	0.148530	0.198474	-0.202150	0.123687	0.471988	0.704580	-0.331539	-0.400244	-0.271655	0.305204	0.373116	-0.041002	0.129073	-0.581327	-0.448767	0.479328	-0.075694	0.228838	0.131752	0.222631	0.137562	-0.076796	-0.044133	-0.365698	0.259765	0.292560	0.329120	0.783327	-0.248785	0.183431	-0.063206	0.177985	0.676856	0.032517	-0.207063	-0.481336	0.231899	-0.019579	-0.199367	0.511305	-0.012491	0.149778	-0.187689	0.006698	0.091634
0.566016	-0.427461	-0.363244	-0.192587	-0.259612	0.028841	0.293176	0.358198	0.015455	0.100583	-0.072260	-0.382704	0.299646	-0.172273	-0.445663	-0.021752	0.051701	0.161782	0.367377	-0.025601	0.416055	0.267057	-0.167114	0.206296	0.051091	-0.068832	-0.184501	-0.070560	-0.464775	0.089527	0.243733	-0.282757	0.099439	0.305817	0.002820	-0.090381	-0.487306	-0.123677	-0.651093	-0.372637	-0.169873	-0.714689	0.050763	0.057534	-0.199690	-0.050009	-0.155307	-0.069538	-0.697273	-0.614969	0.052774	-0.082135	0.224982	-0.274566	0.207157	-0.021622	0.406022	-0.055741	-0.066999	-0.271012	-0.242078	-0.152413	-0.508124	0.728975	-0.005476	0.078042	0.385101	0.253899	0.326454	-0.159905	-0.146974	-0.376717	-0.353988	0.309114	-0.089823	-0.263214	-0.209360	-0.064659	0.073589	0.647110	-0.577937	0.686462	0.025116	0.035583	0.196618	-0.154516	-0.096730	-0.497135	-0.032842	-0.238153	-0.319196	-0.567025	-0.078385	0.198226	0.530182	0.480950	-0.162545	-0.066665	0.314074	0.019245	0.159621	-0.274926	0.073677	-0.409828	-0.293698	0.143308	-0.043659	-0.424145	-0.132930	-0.451482	0.248875	-0.630814	-0.258277	-0.256019	0.382046	0.089863	0.116116	-0.237705	-0.570575	0.115260	0.355467	0.015696	0.039291	0.206402	0.318102	0.503333	-0.361422	0.380767
0.740176	-0.248949	-0.448813	0.195177	-0.215419	-0.024665	-0.242819	-0.076979	0.196319	0.400079	0.151053	0.974257	-0.427552	-0.528753	0.464501	-0.235071	-0.064980	0.198071	-0.268823	-0.025900	-0.051517	0.267708	-0.193231	-0.299808	0.630996	0.012565	-0.202511	-0.401835	-0.522537	0.084744	-0.093786	-0.451182	-0.558038	-0.267821	0.123074	0.417379	-0.789520	-0.255111	0.216977	-0.369614	-0.581371	-0.159313	0.536595	-0.255499	0.107949	0.724803	-0.237026	0.479046	0.276130	-0.206125	0.322757	0.067874	0.536743	-0.575548	-0.007034	0.088606	-0.093116	-0.002461	-0.519585	-0.383675	-0.378024	0.052526	-0.408943	0.466776	0.724678	-0.469658	0.276138	-0.515613	0.087908	-0.250947	0.294336	-0.190685	-0.778562	0.730015	0.148795	0.200915	-0.125524	0.174138	0.268101	-0.194994	-0.605754	0.448212	0.353272	0.268043	-0.179999	-0.155568	-0.236868	0.707294	0.965052	0.131133	-0.660914	0.207256	0.385986	0.073084	0.350769	0.063499	-1.107081	-0.630209	0.677033	0.039739	0.238816	0.016948	0.096173	0.083784	-0.089693	0.010222	0.022902	-0.052574	0.372408	0.449040	0.627219	-0.150842	0.231275	-0.156487	-0.085999	0.728077	-0.188857	-0.193258	-0.563259	0.210523	-0.044644	-0.409344	1.080561	-0.072467	0.567009	-0.339433	-0.366612	0.168098
0.483623	-1.158814	-0.163263	-0.614260	-0.588317	0.278533	-0.389569	0.383568	-0.244782	0.076658	0.112225	0.050142	0.487663	-0.771297	-0.246702	-0.258818	0.285716	0.218402	0.170742	0.517607	-0.027570	0.384933	0.365373	-0.146114	0.134031	0.322223	-0.450674	0.093551	0.006951	0.384385	-0.652393	0.321625	-0.278475	0.203650	0.278370	0.785341	-0.461230	0.041456	-0.315462	0.001929	0.242491	-0.731873	0.785918	0.696299	-0.511953	0.575515	-0.007569	0.436489	-0.319492	-0.054278	0.658516	0.722255	1.057329	-0.742058	0.311068	0.109843	-0.055632	0.356369	-0.004765	-0.181984	-0.304126	-0.139216	0.526888	0.498913	0.339565	-0.296609	-0.136453	-0.034752	-0.019704	0.044745	0.141870	0.273101	0.023957	0.325849	-0.507905	-0.336540	0.162585	0.416092	0.552661	0.866368	-0.231767	-0.391441	-0.027689	0.577864	-0.822716	0.438941	0.009357	0.026562	0.631039	-0.146102	0.178181	-0.204533	-0.310236	0.363289	0.383934	0.524586	-0.429918	-0.244919	0.153401	-0.429175	0.310454	0.467860	-0.213650	-0.004101	-0.128182	-0.012480	0.386209	0.319249	0.066042	0.497383	0.140991	-0.505359	-0.270440	0.649114	0.026495	0.248296	-0.368548	-0.006501	-0.139625	0.266181	-0.129256	-0.126989	0.706883	-0.775240	0.940544	0.644859	-0.382717	0.199215
0.344595	0.019288	0.176553	-0.394409	0.296179	0.386591	0.489404	-0.382245	-0.109267	-0.316978	0.099660	-0.278839	0.495028	0.043128	-0.019949	0.232233	-0.247036	-0.048762	0.306555	0.157049	0.341992	-0.117875	-0.347160	0.434451	0.396787	0.200492	-0.023180	0.601236	-0.448206	-0.007463	-0.416177	-0.392726	-0.132438	-0.183105	0.432853	0.368660	0.085289	-0.031346	0.295142	-0.691565	0.097800	-0.253917	0.702656	0.065656	0.062825	-0.075234	-0.088228	-0.407961	-0.157566	0.094300	0.390807	0.249393	-0.026259	-0.400930	-0.058192	0.209131	-0.261605	-0.418463	0.092293	-0.298593	-0.231760	-0.104158	-0.396450	0.485490	-0.066077	-0.294680	0.313353	0.164533	0.813938	-0.346827	0.496196	-0.421953	-0.276413	0.302676	-0.286898	0.350060	0.181948	-0.025578	-0.109331	0.641935	-0.694332	0.341343	0.294878	0.132128	-0.229171	-0.207768	-0.209549	-0.247328	0.468081	-0.634667	-0.010507	-0.304730	-0.520999	0.096519	0.029168	0.392544	-0.530215	-0.219496	-0.192566	-0.233607	-0.383052	0.336929	0.276487	0.031762	-0.163465	0.542459	-0.455524	-0.597571	0.056717	0.500255	-0.117977	-0.306363	-0.128435	-0.677879	0.088153	0.198533	-0.347114	-0.376311	-0.235494	0.166160	0.027455	0.075530	0.142693	-0.300852	0.710291	0.400915	0.121298	0.078991
0.308121	-0.681440	0.222712	-0.057081	-0.332466	0.211672	-0.420189	0.524825	0.458028	-0.052359	-0.529002	0.370619	0.368402	-0.450164	-0.329328	-0.278415	0.305081	0.499551	0.129157	-0.216592	0.005906	0.316095	-0.466145	0.200662	0.011356	0.095263	0.180113	-0.278719	0.267976	0.237397	-0.067334	0.462789	0.192781	0.092476	-0.275434	0.035296	-0.830503	-0.226895	-0.142389	-0.129189	0.032528	-0.446420	0.657677	0.386144	-0.023173	0.227705	0.084163	-0.071678	-0.612995	-0.546950	0.339334	0.437436	0.418337	-0.477395	-0.031896	0.094277	-0.008952	-0.019144	-0.566790	-0.559263	0.069804	-0.264231	-0.073791	0.660485	0.379214	-0.023488	-0.203124	-0.139408	0.424850	0.156704	0.179278	0.139062	-0.215181	0.027589	-0.780584	-0.145811	-0.379698	0.589125	0.344769	0.853457	-0.060726	-0.207479	0.041253	-0.045071	-0.830807	0.360498	0.008386	-0.264471	0.554310	0.003304	-0.175567	0.260624	-0.400455	0.266964	0.357672	0.521087	-0.127378	-0.125372	-0.373577	-0.244498	-0.222737	0.168067	0.124503	0.072894	-0.264958	-0.060021	-0.193571	0.251407	-0.097222	0.143494	0.236181	-0.286407	-0.196524	-0.485990	0.295165	0.079724	-0.184100	0.598725	-0.378888	0.040095	0.134816	-0.416782	0.299529	-0.381802	0.843209	0.029939	0.009099	0.147260
0.457908	-0.656942	0.330414	0.152454	0.094713	0.153273	-0.554474	0.013421	-0.464066	0.429526	0.222707	-0.006831	0.187933	-0.122212	-0.038925	0.209903	-0.077566	-0.251307	-0.125242	-0.227244	0.023267	0.334160	-0.178815	-0.257153	0.590006	0.186827	0.233785	-0.082042	-0.143200	0.035376	-0.685423	-0.414607	-0.141185	-0.132045	-0.308708	-0.396455	0.493013	0.054827	-0.135369	-0.573658	-0.351001	-0.118747	0.329115	-0.362214	0.047513	0.452902	-0.667292	0.037120	-0.318157	0.412932	0.052102	0.426070	0.111002	0.066204	-0.155913	-0.197653	0.086345	0.411874	0.168123	-0.062283	-0.651489	-0.254051	0.103728	0.023696	-0.143333	-0.534224	0.376223	-0.091821	-0.116785	-0.118644	0.491675	-0.408139	-0.463677	-0.182316	-0.371025	0.144101	-0.498277	-0.146810	0.077503	0.100187	-0.379275	0.403837	-0.069627	0.610827	-0.318819	0.049742	0.170763	-0.120601	0.193840	0.675710	-0.059959	-0.259286	0.040922	0.273176	-0.324770	0.009396	0.061654	-0.145862	0.488750	-0.180511	0.046978	-0.329108	-0.236859	0.469316	-0.253247	0.282800	-0.045496	0.120323	0.380796	0.275789	0.522407	-0.096748	0.026474	-0.316470	-0.559148	0.297709	0.024821	-0.464595	0.106369	0.026659	-0.060081	-0.035011	0.024176	-0.080389	-0.018190	0.231692	0.012065	0.171643
0.282911	-0.116849	0.228839	0.016572	-0.191346	0.082987	-0.661010	0.412357	-0.166386	0.226564	0.397431	0.442166	-0.074587	-0.218702	-0.364243	0.133376	0.339908	-0.076523	-0.454564	-0.192331	0.230095	0.139470	-0.278900	0.478399	0.507077	-0.236351	-0.305846	-0.055753	0.170510	0.097757	-0.535929	0.322745	-0.267384	0.104776	-0.139525	0.115252	0.098443	0.393000	0.092993	-0.482055	-0.323273	-0.438315	0.558806	-0.215073	0.320905	0.160191	-0.554718	-0.046340	-0.148985	0.269089	-0.124738	0.508279	0.257338	0.173349	0.169619	-0.498721	0.131777	-0.643457	0.188797	-0.250643	0.009724	-0.040972	0.118353	0.033127	-0.360451	-0.484109	0.034661	0.005922	-0.032056	0.065236	0.203498	-0.536789	-0.850044	0.345008	-0.594146	-0.066615	-0.415089	-0.611737	-0.408235	-0.359261	-0.444985	0.141135	-0.000381	0.041033	-0.265452	0.501796	0.192390	-0.005929	0.020818	0.534267	-0.358322	0.003578	-0.064193	-0.159814	-0.168913	0.326539	0.096863	-0.083846	0.624530	-0.330349	0.022012	-0.144848	-0.334934	0.306523	0.287143	0.013578	0.159079	0.239951	0.341669	0.027043	0.243638	-0.035858	0.285285	-0.158490	-0.543981	0.596340	-0.330174	-0.383241	-0.513135	0.015124	-0.427662	0.525559	0.186344	0.068798	0.567011	0.596129	-0.042663	-0.185280
-0.090634	-0.368169	-0.311409	-0.158405	-0.415514	0.304977	-0.450070	0.296633	-0.127458	-0.373357	0.215499	0.066223	0.053294	-0.845352	-0.246295	-0.064583	0.094781	0.345852	0.457757	0.323791	-0.229183	0.298277	0.181890	0.181267	0.009904	-0.072590	-0.146884	0.200204	-0.177413	0.577690	-0.593181	-0.126836	-0.434291	-0.159128	0.130688	0.555416	-0.133642	0.452547	-0.331295	0.087554	0.374787	-0.731778	0.453281	0.416129	0.161714	-0.004692	-0.223914	0.298402	-0.266111	0.274420	0.655417	0.554841	0.661699	-0.306794	0.635853	0.031432	0.099028	-0.052752	0.440827	-0.342821	-0.153314	0.040808	0.338333	0.223200	0.386358	0.012194	0.322676	-0.254651	-0.225718	0.020811	-0.204490	0.166701	0.225214	0.122326	-0.295938	0.203938	-0.345096	0.026043	0.147089	0.173816	-0.283392	-0.006788	0.181417	0.405368	-0.344248	-0.191769	-0.054476	0.307633	0.104502	0.008907	0.037318	-0.549386	0.191378	-0.020744	0.640323	0.662142	-0.495430	-0.137211	0.266773	0.058605	0.412860	0.250076	-0.361919	-0.030886	-0.713032	-0.143758	0.058938	0.004163	0.251506	0.501462	0.139973	-0.156867	-0.417171	0.803881	-0.264872	0.265349	-0.125539	-0.086148	-0.182709	0.099662	-0.106568	-0.266322	0.378773	-0.331527	0.352048	0.604643	-0.447243	0.311027
0.591320	-0.216163	0.114653	0.655972	-0.459525	-0.081122	-0.445497	-0.056047	0.081772	0.173750	0.524459	0.391110	0.116025	-0.701712	-0.141103	0.194669	0.820509	0.021285	-0.159745	-0.007844	0.066603	0.090547	-0.377285	0.777849	0.541802	-0.240384	0.220268	-0.635738	-0.486291	0.579909	-0.646962	0.005087	-0.155825	-0.128383	-0.623378	0.803426	0.225372	0.716845	-0.070296	-0.146575	-0.083203	-0.851285	0.291527	0.267653	-0.098950	0.294040	-0.271039	0.093791	-0.842832	-0.610191	0.000668	0.703090	-0.027857	-0.407895	0.491484	-0.036136	-0.127644	-0.036466	0.024366	0.003305	-0.430681	0.162957	0.243893	0.429509	-0.120389	-0.522747	-0.155035	0.056840	-0.096683	-0.153552	-0.326143	-0.736566	-0.832821	0.386887	-0.429364	-0.370141	-0.496031	-0.597585	-0.578599	0.005858	-0.788592	0.323881	0.144418	0.291424	-0.140124	0.140806	-0.241067	-0.242542	0.465594	-0.142312	-0.230880	0.311376	-0.265785	-0.419837	0.148231	0.032668	-0.362901	-0.095309	0.651599	-0.205446	0.417654	-0.228503	-0.757901	0.144937	-0.015088	0.534309	0.003937	-0.096240	0.161014	0.063138	-0.332171	-0.316620	0.412058	-0.559661	-0.014100	0.557753	-0.198546	-0.316906	-0.141357	0.281914	0.068335	0.642756	0.785308	-1.045437	0.004826	0.220662	0.439740	-0.193063
