-0.02344972	-0.00916369	0.16669868	-0.267066	0.15925196	-0.10496186	-0.20132187	0.381453	-0.115792684	-0.1766908	-0.5827364	-0.02835599	-0.1416259	-0.08806162	0.04242038	-0.076457575	-0.16602129	0.007114598	-0.34265935	0.026480969	-0.075109534	0.0759338	-0.2286138	-0.24638541	0.21776871	0.27709612	0.19432458	-0.2655413	0.12681483	-0.24547425	-0.19182093	-0.04818393	0.037392274	-0.19583933	0.21345295	-0.01517421	-0.012017543	0.22331165	-0.01000971	0.010461745	0.099295124	-0.021684924	-0.036910348	0.1624645	0.059629116	0.009975438	-0.27718177	-0.20878357	-0.11386856	-0.22227901	0.058615632	-0.271886	0.11736808	0.06363188	0.05380234	0.010394128	0.3992641	0.3269222	0.023791866	-0.2956812	0.010424725	0.16124739	-0.015379685	-0.06152304	0.095469825	-0.14689466	0.5490933	-0.14897881	-0.20001744	-0.06452784	-0.035767622	-0.038466696	-0.31302986	0.11388467	0.37541533	-0.054460768	-0.5048668	-0.2547591	0.15819238	-0.29676065	-0.36978182	-0.15130432	0.31216747	0.14237544	0.3388151	0.12804258	-0.11324589	0.12310295	-0.07103719	-0.22193892	-0.10742398	0.13116021	-0.075875305	0.38849705	-0.1485744	0.25434893	0.12989447	0.11072305	-0.11880527	-0.23036095	-0.22959754	0.19563434	0.08912575	-0.34654906	0.30635655	0.07833452	0.33164334	0.017950518	0.01770032	-0.09019225	-0.0759438	0.18104719	0.10670038	-0.019943697	-0.1540733	0.04297755	0.13113046	-0.23225427	0.5922048	0.5315984	-0.010473042	-0.12563066	-0.025207452	0.25927526	-0.2055942	-0.20466298	0.18617737	-0.16590437 
-0.20212862	-0.691773	0.071107335	0.07911111	0.23919734	0.100776315	0.19783565	-0.13319798	-0.14287494	0.16850363	0.2680497	-0.22961763	0.35422403	0.31837872	0.07767127	0.17096981	0.14163014	-0.060906917	-0.18326333	0.33667722	0.12746423	0.101423346	-0.4888661	-0.5399482	-0.2128493	0.12358244	-0.20246367	0.19479184	-0.13045375	-0.09861922	-0.19914567	0.47275358	-0.11435015	-0.19537319	0.39992884	-0.2386331	0.02016573	0.082555406	-0.46975738	-0.11274579	0.071988896	-0.03911418	-0.577085	-0.0103693325	0.05026586	0.25655574	-0.044231527	-0.721995	0.08935837	0.20610559	0.5357586	0.15847734	-0.3715542	0.44141322	-0.21532714	-0.6485048	0.07085637	0.051245563	-0.056025337	0.43518385	0.22534807	0.14434715	0.055032704	0.07121813	-0.10823204	-0.12907591	0.100061454	0.38032585	0.32453176	-0.27161235	-0.30272248	-0.03813903	-0.049362898	-0.33362004	0.7105391	0.15347429	-0.40938333	-0.25351965	-0.0812058	0.16311006	-0.25806028	-0.20711122	0.44673812	-0.012657549	0.483411	0.16862787	-0.2552906	-0.4550379	-0.008263047	-0.54468006	-0.5606385	0.7041446	0.033093553	0.24652287	-0.05069311	-0.21408756	0.1673891	-0.057251625	-0.065250166	-0.4008956	0.009804455	0.15141876	-0.4800972	-0.42901528	0.15376778	0.18039364	0.16484945	0.10928779	0.50192934	-0.23837101	0.19497322	-0.01876061	-0.08294215	0.10749738	0.3636347	0.0632654	0.27780083	0.014435752	-0.010729702	0.13210092	0.3379916	0.037263334	0.28689688	0.045045704	-0.10351189	-0.08308667	-0.017418593	-0.16944534 
0.213947	-0.13531308	-0.14917988	0.36334193	0.3299248	-0.24741696	-0.024671262	0.2559529	-0.10854416	0.5153666	-0.33328342	-0.4706863	0.22582902	-0.15790232	0.044005163	-0.22047411	0.018811118	0.0153719755	-0.09761089	0.26843506	0.4898867	0.014361078	0.22126418	0.008655116	-0.12566747	-0.119900614	-0.17744187	0.07236034	0.08961339	-0.21090513	-0.0072681885	0.20449047	-0.034378976	0.06808891	-0.11827169	0.1734474	0.21912165	-0.2910159	0.25529096	0.05074144	-0.295057	-0.37009412	-0.030022096	0.018849332	-0.3552538	-0.067691	-0.2549558	-0.057389665	0.030989872	0.03090107	-0.3106025	-0.25680077	0.1507385	0.23969223	-0.11817508	-0.08056527	-0.07608891	-0.019767392	-0.3104263	0.27013952	-0.08307569	0.16393012	0.21024375	0.06533202	0.085833535	-0.32947764	0.3438765	-0.12803678	0.39717448	-0.17346181	0.08474435	0.19600572	-0.37906793	-0.13628614	-0.12604642	-0.25101334	-0.5462525	0.28568816	-0.2103168	0.14121377	-0.15169173	0.044688184	-0.052155964	-0.027233753	0.29050398	0.59494025	0.16817808	-0.19884714	0.2882601	0.14523321	0.09719315	-0.18034722	0.12082678	0.10640112	0.14718871	0.23656578	0.22364447	-0.26529968	0.13649735	-0.22712833	0.19048889	-0.17680293	-0.27975294	-0.12111691	0.048333604	0.112405516	0.080391094	0.035191	0.1682391	0.13009496	0.010414316	-0.04031266	-0.1466734	-0.068088405	-0.26835778	-0.4205304	-0.29004565	0.091392145	0.11391013	0.27768946	-0.25040933	-0.2607231	-0.14666769	0.31121236	-0.009581057	0.11133907	0.22754939	0.10730762 
-0.0836978	0.007983019	0.108234815	-0.02774887	0.22308831	-0.07525232	0.0401214	0.13023841	0.10362315	-0.24480078	-0.0705967	-0.005114988	-0.10487757	-0.21374492	0.24154676	0.093502074	0.07946606	-0.030443126	0.13715243	0.11020869	-0.08020086	0.15586703	0.010518333	0.030040774	-0.21098538	0.11739431	-0.13174714	0.26808614	0.07184173	-0.19858181	0.012878178	0.082235746	0.008974806	-0.10666796	0.021861473	-0.13101804	-0.0437698	-0.11806434	-0.009533584	0.112666905	-0.04728248	0.1767428	-0.23372957	0.04617598	-0.08592482	0.045330945	-0.24013527	0.038532615	-0.012244852	0.015877446	-0.16384862	0.09839583	-0.05730752	-0.32405394	0.18073021	-0.19541258	0.24492264	-0.34382537	-0.11241046	0.082606174	0.021200705	0.30833572	-0.10411756	-0.24890046	-0.10417125	-0.07381454	-0.0071560196	0.076696776	-0.23914956	-0.08720163	-0.031987373	0.17158575	-0.16887426	-0.25175944	0.2192486	0.19344427	0.051523946	-0.16710566	-0.41822335	-0.316668	-0.2304989	0.38110012	0.15311128	0.33448285	-0.13134803	-0.06638192	0.14458846	-0.23529315	0.1524928	0.07251689	-0.14597936	-0.18223691	0.107246384	0.11748426	0.11729021	0.05639018	-0.29737836	-0.09615525	0.10281933	0.12591726	-0.35860872	0.28796783	-0.1281356	-0.08272794	0.12174525	0.022196231	-0.17846361	0.10183968	0.047727864	-0.2448436	0.003667522	-0.117289975	-0.2025022	0.1756573	-0.057161573	-0.010634725	0.36358246	0.26839125	0.11853252	0.21682826	-0.3113067	-0.07071255	-0.10647916	-0.11857671	-0.15274517	0.0761903	-0.14671977	-0.10166736 
-0.0070451014	0.008555763	0.09696812	-0.02665156	-0.20836769	-0.27165735	-0.18189757	-0.108796164	0.031207059	-0.12188975	0.094046116	-0.20907404	0.18931691	-0.06932898	0.18960282	-0.00027317816	-0.25156385	0.20004204	-0.05903944	-0.10899204	0.055776093	0.16969785	-0.053330556	-0.05845101	-0.23827858	0.06261824	-0.017221967	0.066860326	-0.34251365	0.016163176	-0.2712083	0.10605959	-0.08773929	0.011479021	0.13549578	-0.00045148048	0.1359193	-0.43552753	0.11777984	0.005982113	0.0070897746	0.37457386	-0.042175107	0.14125335	0.06711646	0.042625695	-0.0592991	-0.0084146485	0.035743933	-0.25508946	0.21942513	0.074736185	0.118030146	0.16432491	0.0026854186	-0.052537665	-0.099751234	0.07621264	0.08322223	0.21763767	0.091973074	0.08728496	-0.09098725	-0.26414073	0.32854763	-0.36242953	0.46737155	0.070591636	-0.14820702	-0.110164605	0.04608065	-0.11469013	-0.27528673	-0.34688282	-0.18760915	-0.020748422	0.11127891	-0.2246475	0.065820634	-0.1025197	-0.3174402	0.081933945	0.20066296	0.2888391	-0.06601399	0.3378974	-0.25473928	-0.2432375	-0.20504333	0.11397563	-0.038035266	0.07175746	-0.089113064	0.099936455	0.24350306	-0.53506434	-0.05927913	-0.34110126	0.038817983	0.24069065	-0.16839723	-0.1382198	0.2981058	-0.12459441	-0.19972475	0.110743105	-0.39336	0.015766902	0.35982037	0.14369915	0.22559097	-0.17833874	0.330217	0.19906485	-0.23883317	0.034095187	-0.21695682	-0.12312524	-0.033166777	-0.10841288	-0.3263774	0.011116891	-0.22739375	-0.09720605	-0.33968952	0.14093356	-0.17037436	-0.018668896 
0.2160739	0.024082176	0.18546313	0.15419386	-0.23449191	-0.23950717	-0.160815	0.09049796	0.15301074	0.2601302	0.09511793	-0.15566239	0.3176871	-0.026320867	0.0749909	0.386598	0.04067883	-0.01299265	0.18847945	-0.07553165	0.12540719	0.16157682	-0.2524148	-0.04005783	-0.339188	-0.42345837	-0.10889005	-0.1541694	-0.032089554	0.1775597	0.09924965	0.3201371	-0.06309974	-0.2898393	0.026846906	-0.1560231	0.19969839	0.18171534	-0.0044810246	-0.05196338	-0.116627745	0.05510468	0.20514111	0.37371957	0.08755544	-0.24013723	-0.515064	-0.31461734	0.40627632	0.13711454	-0.17072257	0.27064085	0.054365296	0.15002535	-0.028773634	-0.0036261308	0.31061304	-0.020500341	0.20945951	-0.09134813	-0.10519628	0.025955722	-0.4530979	-0.14656065	0.19885977	-0.19671999	-0.14398228	-0.052355584	0.032281674	-0.12255635	0.13209258	0.08211489	-0.35338193	0.280293	0.20337176	-0.38194284	0.009395834	0.3201217	0.3418589	0.37332314	-0.3539883	-0.45198345	0.42539978	-0.004754109	-0.047001675	0.22520901	0.05045197	-0.13921635	0.19031101	0.19413704	-0.22248785	0.20506354	-0.26110962	0.073224	-0.033618666	0.1546195	-0.103818856	-0.17030291	-0.11838795	-0.37720105	0.07981352	0.22333829	-0.27783865	-0.17861281	0.08557085	0.26101547	0.023813616	0.31189758	-0.0691888	0.061438132	-0.027135039	-0.07708375	-0.07037741	0.20934747	-0.29583126	-0.035065446	-0.010150873	0.07080001	0.053623784	0.42407572	0.10532743	-0.23491517	-0.26105702	0.021235226	-0.016946698	0.16381654	-0.1822688	0.51896113 
0.17946371	0.10459541	0.48161516	-0.61919147	0.033730198	-0.15154965	0.021337653	-0.24846007	0.4718209	0.35556224	-0.20387545	-0.0051950584	0.3468037	-0.29797855	0.14203173	0.593652	0.21503296	0.037101198	-0.320538	0.27918926	0.25225022	-0.034418955	-0.16852397	-0.051741775	-0.42851368	0.19279118	-0.25242937	0.17498206	-0.097219825	-0.06628258	0.10747398	-0.089571215	0.29889336	0.50013953	-0.3063566	0.25199583	0.19679639	0.10610866	-0.1469919	0.21491164	0.20006517	-0.16511938	0.1110883	-0.08547901	-0.51145744	-0.18003388	0.31695578	-0.43752214	-0.20132917	-0.08905179	0.08386629	-0.35772902	-0.15571703	0.28881273	-0.018384015	0.38615423	0.046402834	-0.103530265	-0.109363444	0.21505895	0.102270156	0.6033047	-0.00028357192	-0.33760095	-0.20585643	-0.15542427	-0.19139737	-0.16192995	-0.31316304	0.07679896	0.3784391	-0.14266358	-0.49722028	-0.19838987	0.5191191	-0.22345644	0.14548062	-0.44866848	0.037930556	0.008515778	-0.006988561	-0.046373684	0.4952002	0.1684529	-0.13189012	0.63599366	-0.23123097	-0.031044576	0.33441207	0.2639551	-0.10866059	0.07475355	0.43444198	0.06649442	0.34706366	0.32225847	-0.48782715	-0.13626356	-0.31903252	-0.35031733	-0.28730598	0.06504304	-0.05413056	-0.00074505695	0.062381145	0.43641114	0.23277158	-0.19337605	-0.20048355	0.14895658	-0.14752758	0.27448815	0.25017196	0.030111603	0.12769255	-0.71419805	0.27831888	-0.40385664	-0.14584081	-0.15008694	0.0419973	0.27761602	0.19336924	0.32599363	0.41059074	0.014154758	-0.25707301	-0.03558185 
-0.021836758	0.14588553	0.39706808	-0.07330846	-0.09966033	-0.19678111	-0.1286902	0.040433656	-0.045886856	0.1358258	0.2188091	0.06544481	-0.011248286	-0.10346293	-0.011290887	0.11703253	-0.14944766	0.005396923	-0.008249348	0.058569916	0.24001054	0.14439982	0.16746122	-0.25673443	-0.55712986	0.15767351	0.07364037	0.25552267	0.22557478	0.0939873	-0.17960642	0.13553375	-0.118297815	-0.10320126	-0.024334196	-0.14112978	0.31602377	0.05670876	0.09608161	0.34611633	0.08589049	0.47618318	0.023168093	0.0043752627	0.22914071	0.09703479	0.0799992	0.0084104305	-0.09906895	-0.009908682	-0.020206252	-0.18934341	-0.18859746	-0.2326963	-0.08780573	-0.060301047	0.26552486	-0.071311906	-0.031847157	-0.14617763	-0.027093802	0.076466784	0.05367402	0.07334097	0.004664107	-0.19138277	0.13366243	0.08652222	0.17657234	-0.028516987	-0.23493627	0.21188754	0.05484295	-0.29576468	0.103093	0.021515854	0.020263266	-0.26459274	-0.20669578	0.01389616	-0.030146712	0.13266833	-0.15183367	0.0943311	0.34185636	0.049782883	0.18914051	-0.16794814	0.08530608	0.2714213	-0.112709016	-0.22500701	-0.03706997	-0.10137802	0.21521898	0.33654436	0.16142544	0.01222369	0.24966271	-0.036127057	-0.2636279	0.18841004	0.20048507	-0.26979232	-0.010362038	0.27651882	-0.4654652	-0.096742935	-0.210895	-0.17161204	0.048358705	-0.04150619	0.03464943	0.24060746	0.019443281	0.010244603	-0.124589205	-0.16305356	0.22166745	-0.05481119	0.011034353	-0.17619091	0.29195005	0.04430797	-0.24916987	0.06888883	-0.18928279	0.04630594 
0.049907964	-0.06781243	0.0557377	0.15298249	0.23651563	-0.0048003835	-0.0130990585	-0.14828357	0.27868435	0.12986967	-0.035852436	-0.25718	-0.081020944	0.0050312667	-0.3232718	0.26978827	-0.052024238	0.024442937	0.24873911	0.16678208	0.11644081	0.052755833	-0.31385446	-0.14325705	-0.57242805	0.021999279	-0.1293853	0.07326041	-0.068449646	-0.13395427	-0.035387136	-0.08838286	-0.3685988	-0.09589844	-0.20502052	0.05037752	0.1985829	-0.06608381	0.13592651	-0.15022391	-0.08847615	0.19590722	-0.08204729	-0.27319577	0.23107068	-0.49171475	0.03683155	0.00033302838	0.010232331	-0.006965686	-0.16922246	0.015104642	-0.026954578	0.27822918	-0.04212328	-0.060568936	0.12502573	0.09154984	-0.6556935	-0.07194052	0.035262078	-0.36574915	0.26759434	-0.33551812	0.4025242	0.22493894	0.3964217	0.029567236	-0.08424778	0.2386859	-0.029705008	-0.13820586	-0.104630925	0.06860498	0.09993637	0.095334664	-0.11975483	-0.19183181	-0.34024522	0.06640155	-0.13501708	-0.2505476	0.013068394	0.08918389	0.29115865	0.12586306	-0.28020358	-0.035889227	-0.038643792	-0.05206275	0.18464933	-0.1397812	-0.07591342	-0.13687016	0.053028036	0.22724679	-0.21881557	-0.17089128	-0.2211401	0.17571518	-0.33652735	0.0637852	-0.2943802	-0.05119865	-0.118429184	0.29568246	-0.3318888	-0.33958283	-0.32995665	-0.4096751	-0.20857029	-0.24966694	0.2150153	0.010419666	0.13091508	-0.13666353	0.425722	0.08872002	0.13599665	0.17282349	-0.16663277	0.022867233	-0.34842527	0.15025856	0.04195181	-0.09903946	-0.048564713	0.06034224 
0.1643112	0.04010107	0.5522882	-0.4025379	-0.19415528	-0.30357435	-0.05232925	0.035876255	0.00018016603	0.679615	0.2524518	0.29650953	-0.18826835	-0.20244442	0.23374628	-0.14060013	0.053775627	-0.20672336	0.18878977	0.24719992	0.18236108	0.061149266	-0.15941504	0.39585847	-0.10596678	0.22496502	-0.3155922	0.19704299	-0.17511518	-0.053938504	-0.23914368	0.4876685	0.118693724	0.5525401	-0.22825688	-0.14549363	0.15777352	-0.04764743	-0.57300615	0.44582945	-0.4496625	-0.18843035	-0.19460276	0.09321566	0.018532494	-0.15930578	-0.028617267	-0.32736215	-0.62150097	-0.05727376	0.21058854	-0.067701705	-0.09631458	0.16633871	0.4857829	0.2710941	-0.19774316	-0.16787937	-0.22121304	-0.3386039	-0.107613444	0.29246813	0.23841038	-0.11974446	0.48823595	-0.36544707	0.08576215	-0.088673964	-0.07594979	-0.06364093	0.06532391	0.38098377	-0.47028163	0.3706974	0.30463833	-0.030347621	-0.014597537	-0.53350824	-0.06478226	-0.2944175	0.123798214	0.03259046	0.3525533	0.13013674	0.22088744	0.15553297	-0.181505	-0.03955194	0.13046968	-0.052769702	-0.0030301989	0.17357747	0.5398523	0.07420657	0.3335323	0.24950975	-0.6142798	-0.48754868	-0.06474478	-0.13775739	-0.17905731	0.06441966	-0.050809573	0.25590828	-0.053979117	0.25444138	0.14536814	-0.2082134	-0.34856555	0.1699143	-0.22994235	0.16651334	0.007224375	-0.17528489	-0.1761479	0.14512995	0.11743147	-0.033858653	-0.18076475	0.026222056	0.21102153	-0.104267225	0.034324877	0.1373245	-0.32723933	0.22392108	-0.20573527	0.52998674 
0.093333706	0.04734064	-0.2232435	-0.013849874	-0.027443333	0.015562849	0.21552359	0.14138332	0.2290794	-0.10338613	0.39309192	-0.21869533	-0.0032486257	-0.21524596	0.29120263	-0.16639338	0.061640207	-0.08863689	0.0020034136	-0.2446513	-0.07863079	-0.019595008	-0.16100557	-0.7600749	-0.49120852	0.10512611	-0.037186112	0.007651532	0.26850393	0.079941735	-0.37376004	0.17502381	-0.5851525	0.35096037	-0.15848139	-0.20800614	0.1012641	0.13869235	-0.14357449	-0.28914052	-0.2547789	-0.00796305	0.25698045	-0.07606235	-0.0828252	-0.023716746	-0.29506457	-0.47048536	0.36568406	-0.18819027	0.16850032	-0.091331616	0.10529637	0.14863655	0.16074453	-0.14654891	0.28612053	-0.26332986	-0.25114617	-0.2270369	-0.3477476	0.23511343	0.10180621	-0.36857176	0.080948554	-0.030209417	0.15796942	-0.26637384	-0.29543903	-0.013519572	0.37438425	0.16953298	-0.3614024	-0.033857416	-0.0217459	0.08961156	0.20392644	-0.2362626	0.25325796	-0.06164007	0.034699168	-0.09742643	-0.15510282	0.034571152	-0.042467	0.20993546	0.25050014	0.019770565	0.11769203	-0.31126714	0.120579675	0.07020299	0.1184244	0.2156315	0.093064226	0.13846205	0.11495678	-0.3958985	0.0374275	-0.11905902	-0.11525784	-0.13351558	-0.124950826	0.08398027	0.36853257	0.11810053	0.29597747	-0.05413846	0.113995805	0.06161266	0.16615112	0.15682967	0.36112845	0.21147196	0.28935787	0.105276465	-0.3071932	0.29063073	0.3672064	-0.050179835	-0.09489529	0.18309352	0.18308	-0.019728614	0.3218401	-0.3679534	-0.15866329	0.15375607 
0.3090153	0.35686278	0.2177792	0.047201846	0.029146412	0.15630041	0.04464208	-0.083218776	0.015229626	-0.17958295	-0.1119478	-0.27747542	0.2248973	-0.17897275	0.13387264	0.18884777	0.086059056	-0.60485226	-0.24884413	-0.21028492	0.13198403	-0.049655996	0.20535281	-0.21659803	-0.33012232	0.3494462	-0.6485042	-0.12177501	-0.047804322	-0.12427787	-0.2143088	0.25204083	-0.19846332	0.091894835	0.1279962	0.016367944	0.054586943	-0.20058279	0.10032628	0.06379342	-0.024961455	0.23915483	-0.08350469	0.022692611	0.23315932	-0.2614725	-0.046334106	-0.3607533	0.16277657	-0.10927788	0.2654703	-0.11880535	-0.008090625	-0.02558893	-0.083228804	0.16861139	0.4422672	0.1264731	-0.099927455	0.084654465	0.15758194	0.07254616	0.2861207	0.41058135	0.09443474	-0.02340963	0.1430229	-0.0913955	-0.069982186	-0.2243805	0.0657816	0.13522501	-0.22461163	-0.25142825	0.12433992	0.105015375	-0.34252092	0.096520185	-0.12081494	-0.22312549	-0.077880144	0.20920052	-0.1938207	0.019058047	-0.08289438	0.09011811	-0.34408373	0.02005686	-0.10719026	0.3729088	-0.116588965	0.01218574	-0.20399563	-0.1982191	-0.24960403	0.12921108	-0.44027278	-0.16024002	-0.101364926	-0.26267758	0.3178133	0.048180457	-0.026161714	-0.004002321	0.4460526	-0.047024217	-0.07500769	0.19477703	0.029568624	-0.046037484	-0.12572297	-0.06451287	0.07459327	-0.19559216	-0.04580456	0.093505725	-0.16567041	0.15254901	0.012143159	0.14764397	0.014948068	-0.25901377	-0.28652745	0.046042327	0.007815876	0.0018946575	-0.14493962	0.2609087 
-0.0010280344	0.07858347	-0.23467997	-0.39361122	-0.0075372034	-0.11269451	0.029413885	-0.16988665	0.21444193	0.20202027	-0.038486682	0.13174193	0.2507905	-0.100777	0.15539238	0.20498323	-0.24460573	-0.35380048	-0.44673258	-0.22042336	0.23790127	0.23968863	-0.30789992	-0.014741853	-0.26947808	-0.092372686	-0.15257537	0.18352497	0.20329809	0.23760134	-0.40134713	-0.29741028	-0.56202275	-0.11825897	0.15948203	0.041295886	-0.03725497	0.35155648	0.11964253	0.14064397	-0.26453713	0.114986844	-0.14213187	-0.08612897	0.12559311	0.26446062	-0.31341273	-0.15367568	-0.24192005	-0.28105316	-0.030279092	0.21044593	-0.14389232	-0.13359874	-0.3314368	-0.41126752	0.20337155	0.5066651	-0.038604993	-0.33325148	-0.0864037	0.12134491	0.071740925	0.07112012	0.31908506	-0.27603838	0.19363958	0.13469835	-0.26724294	-0.53284174	0.081111416	0.1484124	-0.2680167	0.21004616	-0.38905433	-0.47340068	-0.121868476	0.1854042	0.17686433	0.19351065	0.014931746	-0.11083534	0.12308271	0.48128873	0.005750939	0.30469954	-0.034046374	-0.13309394	0.22206146	0.07797416	0.18536688	-0.02836344	0.2835508	-0.0035149397	0.14596948	-0.226327	-0.11650799	0.21182899	-0.37058643	-0.0293739	-0.12914494	0.1556756	-0.45338982	0.30078596	0.20459098	-0.29654518	0.07020616	-0.11777349	-0.36815116	-0.0224884	-0.047456946	-0.15453686	0.033528946	0.26034424	0.014874192	-0.032874133	0.09709106	0.40374273	0.0979488	0.13062909	0.19230446	-0.6458349	-0.046865944	0.4187647	-0.04123959	-0.22224139	-0.24251993	-0.21818928 
-0.31870845	-0.19529408	-0.24179152	-0.02495828	-0.10945813	-0.05401278	-0.088471614	-0.023104232	-0.028973816	0.09468402	0.21884798	-0.39678144	0.06402305	0.20159145	0.47509474	0.1662583	0.0379298	0.22389904	0.07648082	0.38761458	0.24146856	0.20261283	-0.11870525	-0.0034632413	-0.086359605	0.10788221	-0.25522932	0.08901022	-0.03528951	0.16432853	-0.361644	0.09285089	0.30182412	-0.18322365	-0.30762497	-0.10048027	0.33426085	-0.074752174	-0.06807093	-0.02342326	-0.18066132	-0.046056513	-0.13332264	-0.05364965	-0.019999353	-0.19069357	-0.23981746	-0.3345948	-0.3342586	0.19902225	0.013690171	-0.048631597	0.45629966	0.19114728	-0.16834468	-0.037242536	0.05511974	-0.13468517	0.08406858	0.17742613	0.010950109	-0.08404422	-0.27235085	-0.065674655	0.11852996	0.0048233224	0.088166356	-0.10073262	0.1120407	-0.14703077	0.1607984	0.34167507	-0.15056372	0.15263377	0.009153053	-0.051266037	-0.51688975	0.23752925	-0.2815138	0.024262637	-0.1547874	-0.1608917	-0.07905219	0.039969012	-0.100443736	-0.007999595	-0.050221186	-0.2025918	-0.00048801003	0.012839875	-0.22280917	-0.542235	0.108951375	0.010361826	0.29311636	-0.019864865	-0.1893552	0.3469585	0.020488188	-0.17796038	-0.07727708	-0.27860212	-0.12016929	-0.38243294	0.3459144	0.21194388	0.111818925	0.15383412	0.11079257	0.14539103	-0.07990679	-0.08582921	0.33007768	-0.33321685	0.019107347	-0.27884284	-0.5248432	0.019771941	0.31267965	0.123044215	-0.0013756444	-0.36394474	-0.31663498	0.2576887	0.14595737	-0.32306144	0.0012047295	0.07256109 
-0.23583543	-0.122777164	0.28228134	-0.15291178	0.08362251	0.23651522	-0.1167766	-0.060141444	0.40881485	0.14995398	0.08537081	-0.18312638	0.073141895	-0.03976853	-0.13275954	0.05180208	-0.00032161173	0.105209626	-0.059472658	0.16712473	0.020283569	-0.07039659	0.15687054	-0.22078854	-0.31149584	0.024031453	-0.25549713	-0.19681475	-0.31091014	0.014465792	-0.12755008	0.051207203	-0.24159479	0.16185157	0.11703835	0.043396898	-0.24640878	-0.11308073	-0.18419044	0.23027222	-0.32146582	0.12699242	-0.27594647	-0.49253315	-0.018279836	-0.14129098	-0.008194071	-0.21453792	-0.20298842	0.21320799	0.33911496	0.16167185	-0.06374072	-0.163932	-0.2351719	-0.11628035	0.14698207	0.09543083	0.15700392	-0.18515027	-0.16794743	0.11418739	-0.2620224	-0.15030304	0.2138189	-0.14338435	0.7163604	0.17866305	-0.048410255	0.18404561	0.11830768	-0.06791517	0.14963031	-0.34811237	-0.016179258	-0.41456357	0.16742119	0.096652225	0.05239908	0.06293174	-0.10822296	-0.10557627	-0.012676835	0.14975177	0.032152016	-0.068883464	0.36852053	-0.12856689	-0.18653575	0.13353322	-0.07653185	-0.14916915	-0.14896466	0.006098175	0.015959216	0.14654383	-0.34386235	-0.39518544	0.009941642	-0.36870185	-0.3244763	-0.30363175	-0.25386614	0.11191529	0.20733207	-0.16178516	-0.033076566	-0.24480544	0.2573493	-0.1730766	0.048109353	0.37942484	0.0993584	-0.0020648313	-0.22710745	-0.12417681	-0.23502311	-0.047131903	0.2420827	0.49759674	-0.25177956	-0.10835803	0.2748775	-0.08433197	0.077394076	0.15379292	0.16268463	0.1324157 
0.026714373	-0.0015069954	-0.30634347	0.32536182	-0.16903776	-0.44639564	0.0720427	-0.14436351	-0.014143595	0.22934368	0.13277633	0.04475848	0.002121214	-0.049561817	0.09009349	0.6607291	-0.12032664	-0.26692072	-0.4213814	0.2587618	0.36150727	0.3520288	-0.35055214	-0.21003534	-0.69932455	0.022496013	-0.056478947	0.19855823	-0.12179417	-0.40143898	-0.06479362	-0.02249193	-0.095076896	-0.107268415	0.063606486	0.12220726	0.023827046	-0.03456408	-0.1400694	0.08238709	-0.008593426	0.090471186	-0.15779974	0.2030664	0.19312967	0.0068346863	-0.16514508	0.01930659	0.30600557	0.21607314	0.25007305	0.01879364	0.30854252	-0.22478351	-0.21467471	0.24188942	0.22257529	0.12268041	-0.023725966	0.05956718	-0.026582843	0.13851821	0.028112274	0.037960723	0.25509644	0.06613008	-0.15555899	-0.5130719	0.24549676	-0.6963858	-0.13206294	-0.5207606	-0.1622868	-0.56066567	0.10627825	-0.33578673	0.20910417	-0.4330345	-0.12940176	0.19789036	0.12175294	-0.20930666	-0.23630132	-0.27349597	-0.039412286	-0.40453574	0.26563048	0.037259612	0.39859244	-0.18091634	-0.39035398	-0.4052094	0.4924899	-0.09975822	-0.2979936	0.1884513	-0.6163933	-0.2449657	-0.14288726	0.15661708	-0.09728641	0.22171694	-0.01819383	0.16278854	0.08605637	0.07564999	0.0995516	-0.11743567	0.54877573	0.24551398	-0.06508797	-0.029878875	0.39245504	0.056662228	-0.5907414	0.12872937	0.058057625	-0.084306285	0.26375854	0.096172154	-0.3428571	0.059312314	-0.37286106	0.11955359	-0.12080883	-0.35802296	0.09986458	0.0077577117 
-0.30133623	0.4179344	-0.11071114	0.22170052	-0.03531085	0.15702008	-0.08263909	-0.23570614	-0.17389324	0.08126849	-0.027853306	-0.3804716	0.18469936	-0.25331366	0.13961333	-0.040463697	0.32627037	0.116788186	0.20718977	0.39999846	-0.31726667	0.35968474	-0.34858164	-0.121712886	-0.25806382	-0.1647982	-0.28651237	-0.122630365	-0.023268139	-0.026024202	-0.063859314	0.1686779	-0.4252331	-0.0021639646	0.29423037	0.42219454	0.18433262	-0.2870295	0.08289123	-0.19331077	-0.021007191	0.0952857	0.3226887	-0.08201847	0.072989374	0.35815364	-0.23761742	-0.43232566	-0.20134561	0.15649399	0.37374005	-0.29082566	0.13127878	-0.2180836	-0.13422565	-0.27820143	-0.24951911	0.029899502	-0.22363156	-0.2532597	-0.10321788	0.03994536	0.0010558887	-0.18578775	0.14573146	-0.24725257	0.10299719	0.0110446215	0.105320856	0.014212655	-0.17962898	-0.024297776	-0.3401961	-0.026431935	-0.17358047	-0.002655493	-0.2436012	-0.000541403	-0.2741922	0.00030741753	0.111984245	-0.039350707	0.14432131	0.1309405	0.35160804	0.00063499453	0.23843457	-0.062181745	0.3778086	0.43523356	-0.15184984	-0.265788	-0.3720095	0.22026812	0.25184178	-0.023217253	-0.1727663	0.05181011	-0.062076006	-0.22369114	0.08451352	-0.38589275	0.08554711	0.20237643	-0.0059674415	0.052504435	0.030501494	0.35681102	0.014094656	-0.10086119	0.08784669	0.19507235	-0.076935224	0.032382227	-0.49556425	-0.30983013	0.38173425	-0.13264714	0.03485535	0.04139105	0.25762483	0.064768344	-0.054704916	0.06253071	0.12726952	-0.06827684	0.026938466	0.19369039 
0.041636176	-0.43507513	0.3344819	-0.18764949	-0.1919808	-0.31223083	-0.14018853	-0.17989825	-0.16201225	0.031005241	0.39031318	0.04736852	-0.13518079	0.02150357	0.025399614	-0.09200631	-0.005206383	0.0689707	-0.00078383763	-0.48545763	-0.09612465	0.02977643	-0.20328502	-0.08552122	-0.19189	0.1722588	-0.15860014	0.09473523	0.32225728	-0.17614375	-0.079869494	-0.076140806	0.1783007	-0.22003022	-0.025784267	0.06915813	-0.12405552	-0.4028664	0.435878	0.061116003	-0.082044885	0.38451618	-0.22412372	0.026185239	0.074336745	-0.26051888	-0.44263715	-0.06592004	0.15375528	-0.22607027	0.4923528	-0.052552834	-0.064343095	-0.08749119	0.15089467	0.02404988	-0.21900368	-0.048507135	-0.116952494	0.20687985	0.13636379	0.16933453	0.028260458	0.15426898	-0.04530243	0.10402998	0.14265765	-0.04369626	-0.11775815	0.14429548	0.26030022	-0.030200697	-0.21232925	-0.27985033	-0.10975032	0.11888873	-0.4412783	-0.020645725	0.051362745	-0.019472074	-0.08883002	0.13772483	0.22921969	0.09019602	0.079198495	-0.12525679	0.12191746	-0.343347	-0.010965935	-0.030950844	-0.021312594	-0.016330145	0.2649671	0.23009337	0.24689057	0.06871512	-0.22011036	-0.049900968	0.31427687	0.016730126	0.04334446	0.22089013	-0.0046417094	-0.06556483	0.081311665	0.29686722	0.04719329	-0.09346929	-0.20935331	-0.30228144	0.27341014	0.09325192	-0.25610307	0.1513794	-0.037727457	-0.17769341	0.25946572	-0.1622894	0.38563156	0.56239825	0.1261822	0.109384194	0.21880887	-0.082432814	-0.10698793	-0.23933168	-0.12146549	-0.18360734 
-0.08488788	-0.3845345	0.3537957	-0.045640517	-0.20052862	0.18869448	0.33440146	-0.118622795	0.13490672	-0.25615063	-0.26439685	0.13998832	-0.27093235	0.14558092	0.22967522	0.33734217	-0.07991574	-0.06524307	0.08131651	0.04338672	0.5600903	-0.03844195	0.011117134	-0.31289256	-0.3897468	0.23191036	-0.41064814	-0.66132534	-0.07968236	-0.3197793	0.28757912	0.03368673	-0.2830172	-0.07006205	-0.09309104	0.09919049	0.3128303	-0.2518785	-0.027432384	-0.27192935	0.12009072	0.33836934	-0.14980438	-0.30695474	0.20470302	-0.06999818	0.0893448	-0.077739656	0.21523072	0.36399093	0.38432515	-0.003379309	0.35916594	0.0735419	-0.16283716	0.28170502	-0.17857504	0.28634444	-0.2588287	0.25172794	-0.3614191	0.22993729	-0.004679118	0.13234486	0.20728435	-0.3139413	0.09525994	-0.23450169	0.086462274	-0.6685842	0.2734073	-0.035811003	-0.0159609	0.39047235	0.14841366	0.6371029	-0.15539192	-0.6359432	0.24147771	0.46792307	0.21993522	0.14378355	0.08440995	0.20574313	0.19061291	0.14172962	0.23548885	0.046969905	0.33186027	0.22166088	-0.12006553	-0.2890519	0.1645982	-0.2936189	0.25498793	-0.102544695	-0.103135675	0.058232743	-0.20478518	-0.1527251	-0.255806	0.06284532	0.16843456	-0.00945536	-0.06876426	0.051190767	-0.10928636	0.5120526	0.3914133	0.09357703	-0.13982214	-0.2561129	-0.010987345	0.21320267	-0.6314873	0.1780452	0.12567183	0.42981458	0.45418736	0.0625307	-0.26376292	-0.19683397	0.31207445	-0.008634573	0.13934663	0.105978645	-0.15820356	0.015056312 
0.059134707	-0.2529498	0.26398265	0.14995287	0.034452874	-0.117648296	0.4169673	0.16176777	-0.33117655	0.048073955	-0.114270404	0.16057588	-0.17568512	0.32426295	0.40297568	0.10712666	-0.12335472	0.20401508	-0.12881276	-0.09333798	-0.29612893	0.23405246	-0.27152026	-0.08498895	-0.089152314	-0.08118574	0.04005859	-0.22352561	0.06467173	-0.022536732	-0.11595116	0.04476211	0.11711942	0.3332243	-0.10568867	-0.19203371	0.20539637	-0.2773866	0.50987256	0.3579615	-0.118125744	0.03360286	0.24547371	-0.18569471	-0.12598626	0.0026724767	-0.35811287	-0.24914509	-0.3142226	0.16786693	-0.12735571	-0.03814249	0.49147385	-0.26418695	-0.19233792	-0.10615847	0.004000828	0.37875155	-0.29765636	0.03148523	0.48739988	-0.28644982	-0.42551395	0.39027813	0.20279455	-0.28960684	0.03651	-0.18693851	-0.31316957	-0.24995932	0.1911641	0.3916821	-0.50002897	-0.28221127	0.41652092	-0.16591945	-0.2529159	0.11261783	-0.29377583	0.06834202	-0.26152128	-0.45001554	0.10007568	0.38997486	0.30951345	0.3707171	0.18972978	0.43054056	0.018368455	0.23468338	-0.38132718	-0.16188948	-0.23132809	0.40452445	-0.15984717	-0.13474272	0.18208428	-0.32226023	-0.10837898	-0.052962366	-0.14291535	0.042276047	-0.5141592	-0.035532903	0.19134656	-0.053624496	0.15055874	-0.119009025	-0.18618438	0.06241301	0.2582418	0.11141895	-0.097415954	-0.49504194	-0.121150546	-0.2431319	-0.3743508	0.065220155	0.2513473	-0.2620819	-0.06518419	-0.08128122	-0.16239722	0.048423685	-0.13848011	-0.17854193	0.04039195	0.019631783 
-0.07438742	-0.02864183	-0.15131634	-0.29216316	0.11484706	-0.09855495	0.28523827	-0.058858592	-0.048065603	0.18110433	0.06454791	0.12242334	-0.03271576	0.11988079	0.17213887	0.045678407	0.23911588	0.18342298	0.07569299	-0.013011852	0.16359943	0.17273387	-0.09289354	-0.081157185	-0.05084772	-0.30924255	-0.13732244	0.014565704	-0.2642761	-0.094828315	-0.1570573	-0.27467844	0.001768668	0.040739637	0.088532835	0.12115943	0.092335574	-0.027589573	-0.1442835	-0.21817172	-0.0733806	0.16369519	0.19413465	0.057024714	-0.124261655	0.15030211	-0.2119409	-0.15977095	0.070099495	-0.24140854	0.112876624	0.083645105	-0.032971583	-0.391257	-0.12862839	-0.245571	0.16021958	-0.15344355	0.21642533	0.18959238	-0.30774754	-0.03056845	0.026324285	0.056393117	-0.037093777	-0.048958786	0.3183846	-0.014083789	-0.14493354	0.09342754	0.24805059	0.11140852	0.008471303	-0.1358018	-0.019545821	-0.17127006	-0.25549418	-0.31683132	-0.111865565	0.04525108	0.080161564	-0.20486303	-0.07780513	0.5157733	0.4115304	0.08906675	-0.03759837	-0.36468855	0.1778555	0.14307016	-0.12120947	-0.1287104	0.089362465	-0.107018	-0.056623776	0.18382025	-0.16927336	-0.262365	-0.20399494	-0.096214555	0.10814942	0.21570738	0.12708293	-0.19179168	0.049585436	0.4792649	0.17334716	-0.034919854	0.07511404	-0.20223394	-0.10916208	0.07519874	-0.21754248	0.16937304	0.20958331	-0.06759948	-0.37692508	0.07155741	-0.019896895	-0.0059324703	0.031766377	0.1120078	-0.4326151	0.17801723	-0.3677658	0.19735709	0.047530506	-0.12680253 
-0.16402578	0.01711809	0.06880578	0.5590987	0.24275288	-0.28465405	0.1408209	-0.1511579	0.2948759	-0.23696788	-0.23540895	-0.04929886	0.12876482	0.11934068	0.36029956	0.5602293	-0.17752077	0.022234509	0.0063465196	0.023989508	-0.32153687	0.5266807	0.19182627	-0.28805232	-0.24492759	0.13122804	0.70878	0.27842033	-0.07300694	-0.31184572	-0.110465735	-0.2839089	0.017021269	0.1871876	-0.19433792	0.16156042	0.26919016	0.15240742	0.26260138	-0.23556441	-0.09172508	-0.08216996	-0.20738296	-0.284202	0.26163018	0.09024119	0.19781561	-0.25537872	-0.20389766	-0.04485568	0.3102215	0.07166351	0.17629875	0.25948095	-0.12029279	-0.18955882	0.43642843	0.06850922	-0.30312845	-0.00828476	-0.10845309	0.20018956	-0.05261461	0.12703945	-0.010533106	0.038649566	0.26562718	0.09459839	-0.048122097	0.11383601	0.4682354	0.3456447	-0.3963077	0.33891603	0.41148978	-0.1771994	-0.3240047	0.085991666	0.22056998	-0.2597024	0.03241537	-0.009259589	0.40398005	0.042275894	0.09282177	0.020929756	0.16180106	-0.38534182	-0.109767206	0.09373059	-0.07818798	0.030703316	0.01889249	-0.2157142	0.17693347	0.039405942	0.105758406	-0.4162481	-0.026061712	0.037552804	0.20267482	0.06473678	0.039841335	0.111322425	0.30719572	0.28060344	-0.026320396	-0.032008383	0.23466326	0.38494945	0.16837579	0.23051642	-0.45167544	0.14871065	0.14131793	0.22156544	0.15994905	-0.2766165	0.27918598	0.34199938	0.25041327	-0.04509951	0.04880873	-0.018036177	-0.20120886	-0.34390655	-0.09821198	-0.11723914 
0.056632474	-0.041053824	0.23175377	-0.008640455	0.09989528	-0.29476663	-0.42459148	0.1819388	0.029965846	0.13442837	0.061329536	-0.088618316	-0.52468354	0.25698602	0.147579	-0.06882125	0.20608981	0.104190916	-0.23208903	0.022968661	-0.36009687	0.052377015	-0.02231831	-0.14358015	-0.5028351	-0.18627447	0.2797528	-0.02940856	0.18882546	-0.06394978	-0.081463724	-0.13847375	-0.55668676	0.052589193	-0.1750896	0.40752164	-0.028715199	-0.16837838	0.17029501	0.04449412	0.33014727	-0.03350855	0.0647619	0.48212567	-0.14316124	-0.06509837	0.36220562	-0.1235838	-0.2574023	-0.19015536	0.32854843	0.09633324	0.61651856	-0.27228862	0.33892056	-0.14175323	0.6361954	0.20281953	0.13861205	-0.10782788	0.19964299	0.096901216	-0.084787935	-0.51357704	0.22242406	-0.34701487	-0.20500872	0.2594604	-0.14486115	-0.46024105	0.18660296	-0.003602761	0.309189	0.021937724	-0.05759147	-0.25137973	-0.7416502	0.058402438	-0.1053441	-0.056857046	0.30725303	0.11010087	0.21224737	-0.36390495	0.23855591	0.41474006	-0.019217422	-0.57844627	0.20024072	0.074366175	-0.1522257	-0.08345897	0.50639623	0.3347293	-0.045386262	-0.13058588	0.09227433	-0.33950913	-0.1709122	-0.75880283	0.09322891	0.08888838	-0.537851	-0.17613703	0.036754902	-0.072936565	-0.3427412	0.008197585	0.05313597	-0.35052863	-0.24705577	0.15591381	0.4188265	0.10850718	-0.04790129	-0.27181652	0.054301117	0.050952885	0.29249698	-0.10131769	0.19042495	-0.15102929	-0.32488766	-0.28312	0.14805682	0.2513893	0.119793996	0.0040303683 
-0.06914067	0.18488681	0.41459456	-0.17780347	0.26179066	-0.24644749	0.5294533	0.06580523	-0.034425125	-0.227377	0.6191812	-0.086302295	0.34716123	-0.34021938	0.17757718	0.13924523	0.4237404	0.14549428	0.13453197	0.5351553	0.08749287	0.09963063	0.027937938	-0.015086509	0.044163644	0.47302467	0.0603506	0.09624621	0.23148786	-0.063184716	-0.07574064	0.19680953	-0.111303136	0.40870112	-0.30449322	-0.08439197	-0.03661112	0.22876842	-0.07384607	-0.24253865	0.106229976	-0.047776442	-0.056388944	0.0068124062	0.21769828	-0.01141396	0.08007636	0.0073383134	0.043928564	-0.27562457	0.09015123	0.42679507	0.031078	0.05580991	-0.24982326	0.057576355	0.43643063	0.31524006	-0.017288128	-0.22208641	-0.16782282	0.010043897	0.28837872	-0.26216477	0.44248182	-0.010375271	0.009728635	-0.5157923	0.22912551	-0.15613285	0.2806014	-0.31166297	-0.5235092	-0.074461676	-0.29534736	0.42382327	0.015797094	0.13013038	0.1602691	0.421111	0.111600146	0.05661949	0.15046111	0.15596671	0.37836403	0.46065345	-0.06809095	-0.6840536	-0.15036452	0.037063226	-0.49115673	-0.27213743	-0.22147712	0.1792481	0.010282845	-0.15842898	0.10158685	-0.10613863	0.16650844	-0.23535694	-0.3124706	-0.10344861	-0.08686064	0.40920106	0.5736018	-0.08073515	0.059375763	-0.16131173	-0.1680152	-0.022869064	0.09633797	0.0059869913	-0.19304569	-0.3540708	-0.07122681	-0.27563226	0.012108479	-0.342482	0.13461189	0.1364211	-0.062033623	-0.086784445	-0.31925502	-0.266917	-0.2626764	-0.049056675	-0.1677575	-0.028412772 
0.07409275	0.25178766	0.46056902	-0.2322095	0.07935353	0.0096742455	0.14546052	0.29205912	-0.052596383	-0.122457676	-0.28910813	-0.39066014	0.04770175	0.24924964	0.05613518	0.08076521	-0.36566386	0.38913876	-0.04537015	0.05021286	-0.13153121	-0.30934605	0.10545887	-0.08838549	-0.42188564	0.15093003	-0.19136906	0.22473706	0.19953024	0.38599804	-0.32986462	0.026593642	-0.11956686	-0.016312182	0.013014766	-0.13682458	0.041950446	-0.14737748	0.016843846	-0.33699322	-0.20627539	0.4262944	0.09586664	0.29414815	0.06860801	-0.006744935	0.12527613	-0.2950347	0.022458846	0.03731144	-0.4271733	0.081952535	0.054428477	0.060394585	-0.06387476	-0.007964121	-0.1306453	0.26825157	0.05088395	-0.12279885	0.041273393	0.14970306	-0.028479012	0.25469953	0.30241284	0.21429567	-0.18660524	-0.15957224	0.03260142	-0.0376301	-0.2755011	0.43478557	-0.15903597	0.030582653	-0.045926604	-0.34022886	-0.20252846	0.24930294	-0.51301676	0.20679098	0.245469	0.016526908	0.554613	0.17458497	0.3554805	0.28127384	-0.05521537	-0.7181354	-0.31879517	-0.40336356	0.09677954	-0.25110683	0.041991428	0.09446626	0.013831003	0.33362815	-0.7120212	-0.09175367	-0.23548844	-0.22156039	-0.08611746	-0.031786356	-0.22833633	0.4350567	-0.052133895	0.33057848	0.07191932	0.07636552	0.10550794	0.019490551	-0.2097163	-0.048430797	-0.07978503	0.24962209	-0.24320059	0.11780278	0.030514324	0.1779537	0.4287941	0.074121065	-0.4248853	0.45345703	0.035122123	0.40823084	0.2587898	0.06474613	0.0806174	-0.1310143 
-0.26059645	-0.167299	0.076732196	0.0033746755	0.21218112	-0.098541334	-0.40735683	-0.29148483	-0.217665	0.083562426	0.50479555	-0.16956024	0.2976824	-0.04978131	0.21647902	-0.044530936	0.32569352	0.14446653	-0.16223572	-0.5669953	-0.22069559	0.45700523	-0.21423897	-0.29699636	0.040463574	0.26699927	0.15340151	-0.04640678	-0.14107792	-0.081441276	-0.2724282	-0.04171018	0.3096842	0.3859191	0.07926527	0.35323238	0.5658445	0.3380499	0.39061123	-0.33514073	0.26354936	-0.19168177	-0.03268607	-0.17373705	0.31929672	0.25633335	-0.058757894	-0.2558151	0.030361192	0.120058335	-0.11604448	-0.1336278	0.10730368	0.11808492	0.015146377	-0.29784313	0.047364555	0.2644208	-0.19421525	0.12059731	0.048469815	0.019534864	0.46012983	-0.16655788	0.27026427	-0.1605788	-0.008981818	0.100884035	-0.14381666	-0.39242956	0.18024968	0.06583031	-0.11218963	0.14328013	-0.26520136	-0.1045475	-0.413539	-0.19782086	-0.28263575	0.15527724	-0.115665086	0.10693374	-0.08330664	0.13609447	-0.3470283	0.26319772	0.08736228	-0.34850872	-0.3001204	-0.14719503	-0.15347135	-0.040731326	-0.073488966	0.34865132	-0.016320547	0.37096053	-0.16153704	-0.3833552	-0.20350738	-0.19457534	-0.52868366	-0.07039709	0.15530072	0.27927902	0.23084787	0.09748051	-0.06705878	-0.3143505	-0.048685253	-0.0926488	-0.5060988	0.06333873	-0.29601878	0.28620026	-0.57052743	0.050004832	-0.1721543	0.112734884	-0.2722003	0.15105626	-0.22580104	-0.2950712	0.1262777	0.25578853	-0.093095385	0.27244398	0.31565633	0.41753775 
0.3785591	0.023978861	0.08882055	-0.23240738	0.19346382	0.03406975	0.31119758	-0.2906687	-0.49118307	-0.116280116	-0.008395088	-0.44591653	-0.22927913	-0.28055274	-0.09313002	-0.03692011	-0.6060419	0.39775932	-0.229407	0.11504987	0.07090024	0.38934863	-0.09454031	0.09846888	-0.4851948	0.19005328	-0.10706585	0.22326164	-0.33486417	0.16144416	-0.32273787	0.034499936	0.23453915	0.21760751	-0.29647487	-0.44199967	-0.3026294	0.13942082	-0.40953487	-0.024695633	-0.20030111	-0.045817096	-0.32877803	0.22294746	-0.19129588	0.075716175	0.025806852	-0.1722209	-0.2646786	0.17401563	-0.11136344	0.29994282	0.26568055	0.03442133	0.0987185	-0.42921734	0.21229896	-0.02354871	0.069314614	-0.17158468	0.33795595	0.08236342	0.42388168	-0.197767	-0.33278373	-0.26645947	-0.09056464	-0.018657278	-0.19770989	0.18944961	0.1579207	-0.0938367	-0.11625492	-0.009405074	-0.03509522	-0.0010984379	-0.6588466	-0.022171965	-0.20466433	-0.050804272	0.52929676	-0.3277785	0.17373766	0.387844	0.0797804	0.20759842	0.08905918	-0.24305746	0.15092592	0.36470667	0.02770224	0.025099425	-0.017737526	0.069201045	-0.08556788	0.2593724	0.04081785	-0.3632412	-0.43300813	-0.5812242	-0.19694808	-0.25211906	0.19273867	0.1287453	-0.32132405	0.05620494	-0.1892421	0.14017855	-0.19187555	-0.03170666	-0.065984346	-0.308043	0.2574011	0.3522868	-0.28511712	-0.054797467	0.38864028	0.17158623	0.24223754	0.28833473	0.15670727	0.06211092	0.015399038	0.20086446	-0.055663906	-0.34017026	-0.040361207	0.5695805 
0.6426907	-0.2629306	0.042170923	-0.37486374	-0.09934547	-0.28988296	-0.15180102	0.053236913	0.32358545	-0.2683545	0.07748912	0.42286634	-0.13342667	-0.096938215	0.46179438	0.1804583	0.042668052	-0.30391207	0.025520593	-0.0013893235	-0.2185577	-0.08911851	-0.2633984	-0.20672749	-0.14590028	0.041731	0.18648256	0.15581204	0.07731259	-0.03517052	-0.20409058	-0.25616595	0.0810238	-0.4153532	0.13753314	-0.16495447	-0.28192165	0.1778229	-0.023249658	-0.029806104	0.08805384	-0.25869998	-0.26700348	-0.16704537	0.2526194	-0.19057857	0.2413406	-0.6191942	0.063223064	0.020505004	0.14057672	-0.16903105	0.19281976	0.21986474	0.2638043	-0.19968878	0.18032475	0.40044093	-0.5817447	0.3847233	-0.7260233	-0.03790776	0.18748544	-0.13278075	0.1027899	0.3038136	0.36640805	0.32145402	-0.6407445	0.06033227	0.04912385	-0.08805994	-0.24024108	-0.30779442	0.49863872	-0.12901042	-0.26411617	-0.14591834	-0.45863086	0.058728795	-0.050369915	-0.13287503	0.1384686	0.49594668	0.51027817	0.108447544	-0.23015781	-0.33544883	0.1150414	0.16438617	-0.37510747	-0.1838514	0.1110667	0.08839655	-0.025843356	0.24983342	0.41823357	-0.022154365	0.36870882	-0.389158	0.34038523	-0.0978152	-0.027249675	0.09376887	-0.25055075	-0.1716192	0.11526888	0.13291456	-0.2949292	0.0518197	-0.15802792	0.14966165	-0.15512268	0.37683153	-0.3252504	-0.027392525	-0.115923986	-0.6804197	0.08019448	0.026738059	-0.39969677	-0.12932456	0.015018504	-0.04530278	0.15349223	-0.027909353	-0.09016222	-0.27236477 
0.0529617	0.3419008	-0.024258783	-0.06289335	0.2919447	-0.25685236	0.38680398	0.055303335	-0.12746856	0.06681367	0.3974183	0.07978459	-0.2702419	0.0017980393	0.16125229	0.29589537	0.14651941	-0.36972564	-0.17956051	-0.31022593	0.24554054	0.32031128	-0.38034216	-0.63037235	0.24195707	-0.3182009	-0.21823658	-0.030022252	-0.0022743116	-0.031584654	0.3916288	-0.21821618	0.3173785	0.08461365	-0.08870201	0.17135532	0.34356698	0.25554866	0.498683	-0.069566965	-0.20571163	0.06648742	0.40216336	0.6343655	0.10087001	-0.16236193	0.16037866	-0.29473647	-0.3139115	0.04535627	0.3669917	0.12088775	-0.17939317	0.050625812	0.40773827	0.2199148	0.34840485	-0.17619994	-0.28886878	0.23734564	-0.23872638	-0.08615858	-0.16776165	0.0017018644	-0.221603	0.04096466	0.39557934	0.025880773	-0.59873694	-0.05224142	-0.21181394	-0.014990574	0.30300045	-0.22075403	0.42393818	0.15121324	-0.22571306	-0.11815435	-0.5379862	-0.031207995	-0.19301394	0.030133264	0.26054654	0.48348728	0.03503708	0.17222935	0.052378383	-0.5578183	-0.10828392	-0.58739495	-0.26878056	-0.14806153	-0.07474023	0.09377942	0.24678178	-0.2723622	-0.1192161	-0.503744	0.030466486	-0.38823718	0.036193117	-0.082622476	-0.434426	-0.2489547	-0.24741183	-0.44968665	-0.03931116	0.038999043	0.1585094	0.3722127	0.5990151	-0.10778358	0.015575763	0.0106654065	-0.20043628	-0.0028875587	0.22650687	-0.34127054	0.766429	0.3923721	0.13211533	-0.19837473	0.47223195	0.37855148	-0.33011475	-0.24117647	-0.026783228	-0.07008799 
0.31917006	-0.1258816	0.4167904	-0.79925	0.245256	0.19232002	0.21102248	0.102190085	-0.040306423	0.19899106	-0.06456455	0.28778574	0.24362333	0.28774193	0.063506976	-0.10085411	-0.43805522	0.020510895	0.13627824	0.0032710372	-0.2481366	0.7084762	-0.141286	-0.3414733	-0.50975895	-0.05159058	-0.33051947	0.10553885	0.6810417	-0.14365248	0.23808071	0.66956854	0.38453642	0.31968185	0.1246681	0.010222133	0.300752	-0.30511454	-0.4335678	0.21599011	-0.5191881	0.19806378	-0.111244105	0.16503297	0.096057646	0.20055875	0.1186719	-0.21514164	-0.13496424	-0.28987435	0.699726	0.28489938	-0.1705796	0.5045526	0.23234327	0.35937625	0.057980895	0.28905487	0.09770248	0.16998114	-0.44595048	0.22898336	0.18525447	-0.36925396	0.39656192	0.24573652	-0.32259125	-0.3655574	-0.32749656	-0.08672471	0.30952403	0.4114122	-0.49878561	0.085571915	0.09645677	-0.41429135	-0.030713305	-0.080635995	-0.6763235	-0.12981063	0.18399128	-0.19599341	0.12063555	-0.14101493	-0.26977852	0.20124586	0.57082385	-0.15655057	-0.25785127	0.032710332	0.25984713	0.23931414	-0.14784078	0.04162062	0.71476364	0.2546569	0.38156867	-0.26250705	-0.15824205	0.20249432	-0.30947164	-0.020173458	-0.6576031	0.023385629	0.021986345	-0.19859795	0.12902924	0.1800687	-0.17182027	-0.3896986	0.097116694	-0.1502134	0.11242335	-0.16284868	-0.37777936	0.041605935	0.35640362	-0.4044937	0.41244128	-0.16990739	-0.020253401	0.072952785	-0.71425664	0.52704686	-0.21495354	0.18101102	0.8099468	0.099794075 
0.3135666	-0.38379827	0.1497077	0.08851897	0.26902226	0.26822355	0.2819104	0.18461365	0.25946853	0.07082988	0.092223436	-0.06673047	-0.051377427	0.10582291	0.42360562	0.6456007	0.3590155	-0.18115096	-0.100168064	0.03958832	0.023498112	0.093538396	-0.2516974	-0.095222965	-0.13438083	0.25951687	0.19401029	-0.043574076	0.33242512	0.14648892	-0.33902663	-0.2294243	0.18437979	0.50227916	0.07672277	0.47381157	-0.15798242	-0.05049144	0.2955879	-0.11270043	-0.39142203	0.22723466	-0.5293271	0.3649293	0.007752678	-0.33394536	-0.13475226	-0.17160675	-0.0694566	-0.3622615	-0.1793239	-0.23593657	0.07784442	0.15846677	0.30070567	-0.36294794	0.4742226	0.48007953	-0.1792284	-0.10268781	-0.2807427	0.31403157	0.09748291	0.030828856	0.02159859	-0.057678156	0.11697229	0.32220724	-0.27575096	-0.08097888	0.35384262	0.09274886	-0.083012536	-0.110151626	-0.06197429	-0.08113328	0.11969136	-0.14961423	-0.038483556	-0.42722574	-0.09902757	-0.19750065	0.66565335	0.5820572	0.052016396	-0.38596115	0.10761091	-0.07482799	0.39233539	-0.1781598	-0.4023318	0.06994275	-0.58932084	-0.024079205	0.044741474	-0.05070949	0.17206816	0.21182837	0.2501761	-0.14264777	0.19130196	-0.19753376	-0.043899506	-0.40913057	0.12924238	0.34811127	-0.38382602	-0.017024552	0.1619479	0.38162777	0.08144133	0.30643392	-0.05899934	0.02489761	-0.32752222	0.18639854	-0.10723891	0.022978544	0.2187995	0.014419349	0.052717097	0.0098026795	0.23681627	0.28540674	-0.032516956	0.027789004	0.33932415	0.29193705 
-0.09555221	0.10014275	0.4569994	-0.17859241	0.35755873	-0.28124028	-0.11645918	0.17980419	0.01291214	0.40960807	-0.2397898	-0.531705	0.38543856	-0.07714577	0.07324547	0.26195797	0.15549275	-0.22613211	0.05585162	0.4011235	0.21726607	0.05091117	-0.2714155	-0.6644745	-0.15594858	-0.07095637	-0.020722263	0.2441471	-0.11381278	-0.0822428	-0.07110092	0.1114115	0.3104159	-0.16098866	0.14318432	-0.1761317	-0.55517477	-0.24772964	-0.30241746	0.040950652	-0.5656861	-0.17435841	-0.20405012	0.033164464	0.04063234	-0.093365595	-0.1646794	-0.3510989	-0.3543719	0.007587683	0.19736113	0.23076439	0.25983572	0.20591481	-0.23125906	0.3893204	-0.09210657	-0.003749317	-0.110013925	0.028877225	-0.045184918	0.067830935	0.6396798	-0.23002158	0.050752033	-0.29509816	-0.48027462	-0.14567855	-0.22951724	-0.034207262	0.6673341	-0.20492677	-0.2147215	-4.5790293e-06	0.11058629	0.09527571	-0.268566	-0.0672985	-0.26423678	-0.26405412	0.16535352	0.27576044	0.7397848	0.042914238	0.4435075	0.4134485	-0.33774707	0.4282934	-0.3940887	-0.037787262	-0.09494836	0.017485889	0.29237646	0.18871912	0.8388812	0.6464923	-0.14270656	-0.49711576	-0.25447077	-0.044670787	-0.121017165	0.20466591	-0.3404176	-0.3294162	0.24669313	-0.15874882	0.06374738	-0.09468336	-0.3643223	-0.1687593	-0.052167103	0.31333783	0.2510151	0.4336291	-0.49516678	0.49641037	-0.33213833	0.15268393	-0.17276	-0.39565632	0.5171693	-0.062094696	0.27862594	0.21471527	-0.044753663	0.0136638945	-0.18714318	0.11605775 
-0.027722023	-0.12293523	-0.08839705	-0.2156741	0.36019903	0.19388083	-0.009908557	-0.20615007	0.11961159	0.09052789	-0.118718214	0.063694924	-0.08324443	0.23953216	0.21398427	-0.4960169	0.30328265	0.1328042	0.1224895	0.17949763	0.100016095	0.79660165	0.22643743	-0.22048585	-0.03193704	0.46703213	0.34116057	-0.37926877	0.5318297	0.09926041	-0.24776526	-0.067961864	0.008587182	0.33827162	-0.32190713	0.08079338	-0.09230343	-0.062241424	0.0056302147	0.3438155	0.051721707	-0.1986472	0.034276895	-0.45699668	-0.07682553	-0.11344463	-0.6011552	-0.47224876	0.44860095	-0.39080763	0.22916934	0.10331139	0.16486786	-0.076519534	-0.28343707	0.1500852	0.22063334	0.23640198	0.19472843	0.023558173	0.24337238	-0.5175513	0.227516	0.08109669	0.30226728	0.35849494	0.034322258	0.15399455	-0.0665651	-0.42120984	-0.034019537	-0.36959454	-0.08159535	0.019480132	0.36651146	-0.12736444	-0.015976088	-0.28034845	-0.35967642	-0.0002652459	0.04103229	-0.16284896	0.39074802	0.32617247	0.3153437	0.30876088	-0.101983085	-0.14872184	0.09422389	0.08179352	-0.009407318	-0.020835256	0.04160222	-0.14273317	0.69572544	0.09163688	-0.2610259	-0.1394135	-0.1365502	-0.44095734	0.09226051	-0.09035954	-0.18716767	0.46298832	0.34564257	0.18568385	-0.44883516	0.1074677	0.19555631	0.32385755	0.24012859	-0.10839846	0.3047859	0.36342266	-0.18831138	0.4262148	0.0074651344	-0.26368502	0.12740329	0.23536146	-0.10638585	-0.33586913	0.18416272	-0.2822463	0.21936935	0.1606242	0.16755502	0.04867396 
-0.071207024	-0.104772516	0.27314907	-0.38139817	-0.11574847	-0.11686457	0.18369259	-0.11134117	-0.33690387	0.37969145	-0.021084253	-0.18983983	-0.23240846	0.7094295	-0.094982184	0.35545644	0.2521182	0.15987787	0.22855245	0.47369036	-0.24384896	0.20253183	-0.23844142	-0.63239497	0.35554162	-0.17248118	-0.3162978	0.20631377	-0.40335053	0.6437866	-0.039389234	0.21397594	-0.3108302	0.19082744	0.4303049	-0.32715678	-0.5381632	-0.098608054	0.38085693	0.05497602	-0.6764647	-0.10189942	-0.14611477	0.11957579	0.062293235	-0.19177566	-0.20076193	-0.3038987	0.07722832	-0.020413812	0.27338254	-0.37523758	0.18256511	-0.21586509	-0.37015417	0.0928925	0.098902375	0.35478818	0.094474226	-0.30242097	-0.5129866	0.55542576	0.5451982	-0.17324483	0.0063494244	0.08688196	-0.38135424	0.03976323	-0.078483805	-0.20790955	0.22088493	0.213271	-0.8231693	0.40590003	0.41054726	-0.4672256	-0.51094717	-0.14795509	-0.33738422	0.22837844	-0.24008012	-0.044618994	0.30383042	-0.4840263	0.12546209	0.15743797	0.1444492	-0.59008133	-0.62568665	0.20558043	0.45476416	-0.34677535	0.028084587	-0.36229604	0.23708884	-0.3203035	-0.22549914	-0.3488099	0.52958876	-0.31039464	-0.38171864	0.19400671	-0.40313134	-0.053982943	-0.11769467	0.16545919	-0.056918602	0.22674304	-0.2799086	0.16566369	0.08247792	-0.7925209	0.055724617	0.5234452	0.0035362851	0.1458851	0.47138664	0.084094904	0.24139844	-0.08366429	-0.120742075	0.43890795	-0.459271	0.025071336	-0.04220379	0.17181887	0.61320084	0.34718776 
0.52198386	-0.3987011	0.3646759	0.038736477	0.029534305	0.45649415	-0.23041694	-0.26384804	-0.07971987	0.18009458	-0.16931146	-0.106374204	-0.27175385	-0.31204343	-0.1333137	-0.0375116	0.22527072	0.008027182	-0.21614692	0.7187981	0.16667187	0.27918568	-0.33196682	-0.25764564	-0.3942201	0.15718098	-0.01269655	-0.3949847	-0.38904065	0.2453246	-0.3995218	0.48027363	-0.2721238	-0.0149489995	-0.25138214	0.12503928	0.3235936	-0.079691105	-0.07874653	-0.20285547	0.011115673	0.01481267	-0.15913089	0.35265952	0.789252	-0.31904867	-0.5242328	0.04385227	-0.28979322	0.33710468	0.2722988	-0.06644605	0.14862369	-0.26463014	-0.53721327	0.46958497	0.47615108	-0.03544399	0.007910046	0.50105405	-0.438947	0.054927893	-0.20197484	-0.039564118	0.13884285	-0.30202058	-0.36167	-0.04686679	-0.17355347	-0.32311967	-0.30994093	-0.0059968717	-0.47022778	-0.26969784	-0.20740238	-0.3241956	-0.3491216	-0.21613224	-0.020238211	0.050612263	-0.30632994	0.22012407	-0.0635141	0.19498083	-0.2451305	0.35256642	0.49812976	0.06716788	0.1063452	-0.24838044	-0.04201689	-0.63612366	-0.16286798	-0.43728516	0.3029875	0.08282785	-0.090244934	-0.24469355	-0.13886715	-0.06688096	0.34524015	0.057818178	-0.098642245	0.60251915	0.09833665	0.4059152	0.38962477	0.02126938	0.040026326	0.07218962	-0.03544451	-0.30045375	0.028435223	0.1114513	0.006907422	0.13285974	0.11951054	0.28934023	0.23828466	-0.26987866	0.12748905	-0.018367304	0.24228534	-0.21010268	-0.1899609	0.1146378	-0.19713242	-0.42478457 
0.32045686	-0.24780592	0.35396248	-0.76799047	0.3897355	0.1820127	0.080323815	-0.3454511	0.024794117	0.30252165	0.12899223	-0.28092468	0.2454393	-0.3539334	0.35891578	0.34343904	-0.34455445	-0.29657638	0.10451392	-0.074739024	0.1058216	-0.06963218	-0.014922538	-0.2270987	-0.15339392	0.6018345	-0.1865026	-0.04692817	-0.14591445	-0.031822402	0.5245627	0.17141886	0.20805363	-0.640298	-0.19969761	0.13294433	0.46083832	-0.5315928	-0.36430162	-0.29200235	0.14926372	0.18060477	-0.09787667	0.17413887	-0.070352934	0.2575989	-0.56681484	-0.20123695	-0.16486943	-0.027008196	0.09562958	0.29759598	0.7273449	-0.38889712	0.14338829	0.47344184	0.78116584	0.50780296	-0.2650249	-0.7022529	-0.29197907	-0.44562587	0.3422643	0.29861337	0.5942404	-0.3974097	0.00047685526	0.24286565	0.16477197	-0.8500873	-0.25544703	-0.08030525	-0.0692108	0.21519473	0.081360005	-0.110671744	0.03730579	0.26829475	-0.29132506	0.23627496	-0.36755854	0.3231043	-0.09605754	-0.06409086	0.26232907	0.010559395	0.27973947	0.08319439	-0.037141692	-0.022891846	0.119321115	-0.019904556	0.07304984	-0.36119258	-0.17077965	-0.0016904911	-0.36330837	-0.13070607	-0.21174955	-0.36821407	0.17356898	-0.47957695	-0.27730104	-0.15539329	0.5838689	0.41472894	0.45601565	-0.46213064	0.48055473	0.2684277	-0.10466834	-0.07115307	-0.12855132	0.115097515	0.14940096	-0.35599142	0.24530344	-0.059394542	-0.08314175	0.057531983	-0.45363244	0.21094668	-0.20954652	0.041143574	-0.16356488	-0.29205826	-0.22433485	0.194572 
0.18026473	-0.2851276	0.12531169	-0.6810683	0.16717452	-0.44202566	-0.32997793	-0.1969322	0.1273004	0.17408317	-0.032458358	0.06454349	0.048492104	0.13545996	-0.27414438	0.3567417	0.088702686	-0.21291621	0.14322463	-0.21413192	0.30997825	0.5014341	0.08511935	-0.34614196	0.026085086	0.37658432	0.1106544	-0.32341048	0.18297786	-0.39126268	0.07301657	0.064922184	0.100198515	0.23953347	-0.10553755	0.02986042	-0.18792397	-0.15292862	-0.4105392	-0.25425535	0.013898646	-0.11226152	0.32503185	-0.31242415	-0.1734489	-0.35225916	-0.13746718	-0.49908608	-0.3529612	0.26320606	0.50900036	0.031315353	-0.10164963	-0.43791473	-0.3320146	-0.39601082	-0.37113643	-0.031417374	-0.35396945	-0.32079998	0.1290395	0.40594077	-0.18058155	-0.38849524	0.29170707	-0.21026346	0.017000921	0.08301263	-0.07994941	0.102363676	0.027442299	0.13659002	-0.60921717	-0.31191373	0.268001	-0.0032389443	-0.48161578	-0.1742448	-0.46864447	-0.014464323	0.11652426	-0.053408284	0.32437408	-0.0040912027	0.38068572	-0.29640546	-0.18641904	-0.24599314	-0.3011961	-0.18391424	-0.05487048	-0.16101398	0.049835127	-0.11819126	0.20856142	-0.10740663	0.5549367	-0.3891143	-0.3110977	-0.091205865	0.39146245	0.30171835	0.0271318	-0.007388634	0.16809092	-0.058632985	-0.032971956	0.10378536	0.12689511	0.16320686	-0.3737482	0.06533974	0.49102178	0.35053608	-0.51293993	0.1114385	-0.15835312	0.10426081	0.45061263	-0.11142371	-0.068243645	-0.047622662	-0.07346136	0.30352595	0.16995333	0.37465823	-0.30421466	0.37106708 
-0.2245277	0.16582923	0.5291965	0.06993226	0.20277373	-0.17503934	0.20606092	-0.33253458	-0.12900378	0.5159881	-0.3019085	-0.11770049	-0.1420498	0.027100628	0.1490726	0.076040894	-0.071120314	-0.15692773	-0.24804413	0.13528654	-0.10248581	-0.07965934	-0.7540247	-0.42630145	-0.5265565	0.2752787	-0.42147133	0.42297548	0.05275613	0.26574636	0.19179092	0.29050183	0.36498487	-0.19059782	0.4720074	0.17424372	-0.07538863	-0.061136894	-0.36407122	-0.036466014	-0.27099124	0.38123557	0.06790868	-0.479144	0.07080192	-0.26715913	-0.41185153	-0.45299906	0.1801032	0.06080281	0.39292312	0.35772368	-0.1486394	0.26937598	-0.37210172	-0.12118014	0.15642303	0.34259945	-0.2578318	-0.25343627	-0.7241899	-0.038773462	0.08387822	-0.1848064	-0.4558659	-0.19204545	-0.23367217	-0.27277023	-0.23742022	-0.2664277	-0.11573908	0.06225841	-0.34743714	0.273632	0.2539635	-0.35012966	0.0057022213	0.20866786	-0.010095056	-0.6261383	0.0265784	-0.10317506	0.092931345	-0.4169117	0.2692245	0.85054994	0.13896997	-0.63487804	-0.3905949	-0.1349166	0.054906465	0.13533466	-0.2542614	0.052281197	0.588701	0.23157936	-0.13032922	-0.26176476	0.79995084	-0.41687804	-0.033246454	0.61184376	-0.06134717	-0.056120124	0.0014164839	0.005910991	-0.31839362	-0.23557214	0.105706856	-0.038499292	-0.037658427	-0.7389799	-0.37940523	-0.28097966	-0.6341829	-0.024768325	0.33898842	0.32836547	0.28162545	-0.6717575	0.08516552	-0.026017012	-0.6427093	-0.006948125	0.29484412	0.0017409114	0.35447323	0.2864902 
-0.5014271	-0.17374833	-0.115657516	-0.374639	0.48550478	0.6056312	-0.07991519	0.15085396	-0.15925452	0.45120597	0.04561664	0.064150825	-0.27960703	-0.008900429	0.455834	0.105908155	0.0042407615	0.0160654	-0.28400913	-0.06527408	0.031424295	-0.022479137	-0.080201544	-0.6544039	-0.208142	-0.24133612	-0.04467921	0.2610549	0.30877775	0.06230496	-0.026946764	0.22990033	-0.06499752	0.16266856	0.3965008	0.2678369	-0.5952591	-0.3019278	0.0056865457	-0.037245344	0.23320313	-0.28758234	-0.10674331	0.19996399	-0.29128015	-0.601409	-0.2419914	0.07231629	-0.1252656	0.19550668	0.15680256	-0.032343946	-0.05964295	0.54133356	-0.38251704	-0.67698294	0.1345513	-0.14250298	0.27019626	0.14830929	-0.7124578	0.4219106	-0.09040965	-0.18674263	0.36779064	-0.28275275	-0.32090175	0.27925333	0.08903083	0.31242836	-0.10629824	0.16087668	0.02754949	-0.17061393	0.47190085	-0.13047877	-0.24230856	0.0010613227	-0.3976733	0.62000644	-0.49969965	0.16914596	0.15833211	0.5132678	0.47855946	0.17518105	-0.5637342	-0.0992327	-0.332485	0.51446646	-0.17908792	0.28827897	0.3379838	0.21292609	-0.36276594	0.0062308367	-0.044650283	-0.6620653	0.03645387	-0.313263	0.18078282	-0.121294245	-0.14471094	-0.22249979	0.30305937	0.38372284	0.07952005	0.006025888	0.072149225	0.15779392	-0.4258902	-0.16038227	0.07768971	0.2699818	-0.28421703	0.74244916	0.2641324	-0.2819105	0.79775935	-0.041130822	0.13920467	0.21481374	-0.20503862	0.15468691	-0.15416798	-0.45212033	-0.32266346	0.1486211 
0.010512621	0.040907525	0.01295312	-0.15061532	0.51837736	-0.11146162	0.65666544	-0.69782186	-0.3199663	0.79720044	-0.5650142	-0.27321747	-0.0022288677	0.14744967	0.81492734	0.26375318	0.15492964	-0.24048702	-0.4893265	0.039463125	-0.029653605	-0.5892429	-0.34080514	-0.3175566	-0.3952842	0.5507423	-0.27886412	0.49317393	-0.082781	-0.00791121	0.13097051	0.32828882	0.893019	-0.062970355	0.71995914	0.1435587	0.4095468	-0.6254301	-0.35953757	0.013970657	-0.07393833	0.629034	0.13649008	-0.41037655	0.4287061	-0.50637126	-0.45635882	-0.50914603	0.2674977	0.6129017	0.5049085	0.02539316	-0.60031235	0.083431825	-0.22931804	-0.32002693	0.53840166	0.10255512	-0.19724429	-0.057782825	-0.6548762	0.16699782	-0.31003812	-0.85048	-0.41060787	0.2745998	-0.32089537	-0.5155262	-0.3344699	-0.44201246	-0.37460452	0.19301756	-0.31350976	-0.024896206	0.49164638	-0.0013941473	0.14495865	0.17684206	0.18254574	-0.9534671	0.31063583	-0.09169629	0.4351923	0.22281049	0.34419677	0.8951258	0.7462256	-0.6668822	-0.34134558	-0.3951323	0.18887661	-0.3246296	0.04322021	0.15310231	0.6237426	-0.10764971	-0.0794479	-0.44094393	0.9501707	-0.44809648	-0.16437516	0.54162556	-0.27723783	0.0064433226	0.11599028	-0.055879295	-0.58338517	-0.17704974	-0.012448333	-0.445929	-0.26436648	-0.46006522	-0.6686116	0.041215006	-0.23093492	0.27633	0.86549354	0.3125977	0.3425995	-0.61642	-0.3074117	-0.6604831	-0.2852661	-0.1774611	0.12975058	0.020662079	0.16553257	0.37700188 
0.3097787	-0.29425544	-0.82451165	-0.85269827	-0.15976524	-0.1882484	0.6458919	0.16713645	0.08091271	0.63406074	-0.12666526	-0.5094571	-0.22723158	0.31681818	0.545349	0.2703987	-0.2603612	0.29776397	-1.0614512	0.26612067	-0.24158542	-0.013176034	0.17299244	-0.68100095	0.0013290478	-0.35284755	0.4647349	-0.6645586	0.10134422	0.24300137	0.035385724	-0.7844521	-0.009734861	0.010941484	0.30600268	0.5116391	-0.19351609	0.45428094	-0.039654713	0.46431878	0.52090305	0.583343	-0.30793232	0.39440188	0.031314567	-0.20039545	-0.018704124	-0.5954479	-0.8202743	0.21977101	0.29909897	0.543773	0.25862747	-0.38567773	-0.15051876	-0.45184273	0.058382165	0.25098124	-0.9121089	0.39203432	-0.4434226	0.44299302	0.60597414	-0.95661074	0.6634427	-0.6895854	0.5263237	-0.36822328	-0.027848177	-0.4279661	-0.4291272	0.31247833	-0.9749359	-0.21820487	0.30564627	-0.012489245	0.45377892	-0.44567385	0.433255	0.24662277	-0.79453534	-0.060389712	0.18150277	-0.06542894	0.0943723	0.100754686	0.1714657	0.095801	-0.34661165	0.122715555	0.7346824	-0.13883132	-0.19930317	0.6550117	0.10438817	0.3328764	-0.37354657	-0.11132085	-0.09247263	-0.67449605	0.49449718	0.13396704	-0.1568602	0.008746806	0.4740115	0.4794617	-0.42635867	-0.16333911	0.16613777	-0.32032114	0.48308015	-0.4760388	0.26387492	-0.24868882	-0.20903288	0.6313423	0.3034383	-0.012614571	0.043144442	0.66827416	0.24358156	-0.34506503	0.023733376	0.29085678	0.64348435	0.2828422	0.13336675	-0.1074956 
0.24666032	-0.054158613	0.031744447	-0.25750354	-0.056803647	-0.61688775	-0.1532126	-0.37489226	0.09496564	0.123455554	-0.04331308	0.1654621	0.1647605	-0.10110158	0.028849533	0.60775816	-0.30237952	0.1193145	0.07531579	-0.46840832	0.03282401	-0.71378636	-0.08328061	-0.89425915	0.090903945	-0.14406665	0.4602893	-0.3214019	0.10861142	0.04306873	-0.045322634	0.2906465	0.15911803	0.23829287	0.79407114	0.20372619	-0.27287358	0.2220867	0.10299632	-0.013076709	-0.29399058	-0.35694706	0.07798803	-0.096050866	0.11540735	-0.106255375	-0.32281634	-0.5755401	-0.32589766	0.07276413	0.28153595	0.17450531	0.012366872	0.19132087	0.071819566	-0.2560764	0.29274574	-0.13046037	0.15414838	0.6224291	-0.49546647	0.13231966	0.19802438	-0.19232503	0.24209893	-0.16731036	0.14533184	-0.1648684	0.19099261	-0.050334964	0.21723135	0.18210714	0.27997404	-0.1826846	0.102603726	0.38935152	-0.64840764	-0.0881769	-0.61438406	-0.20312558	-0.6330975	-0.22103788	0.18766168	0.34493825	0.70122427	-0.25633514	-0.25560355	-0.32908583	-0.5268126	-0.16440505	-0.50097394	-0.04598341	-0.09738658	0.41522592	0.09769964	0.09714255	0.15281199	0.18928443	-0.8385343	-0.75342274	-0.060721617	0.13006061	-0.5037172	0.19604786	0.0854608	0.24843115	0.1877529	0.052886613	0.17708428	0.56975615	-0.024426589	-0.06023804	-0.049438562	0.4872876	0.09573617	0.072636545	0.86302173	-0.25143784	0.7940399	-0.08980243	-0.7512192	0.10773249	0.41072455	0.07369173	0.038463186	-0.22662756	-0.25135356	0.47658724 
0.24775024	-0.47547373	-0.61526835	-0.41537514	-0.021300927	-0.01289584	0.49489388	0.24633314	0.20276043	0.22153743	0.06384434	-0.58426154	0.014488387	0.28154987	0.43916237	0.71567875	0.42019466	-0.027621383	-0.43909177	-0.53530127	0.031355087	0.54303926	-0.45695728	-0.40385714	0.2848841	-0.12680021	0.53936315	0.1812934	-0.13966222	0.56336653	0.2584452	0.12715293	-0.25199255	0.21630365	0.38833454	0.8603453	-0.5513652	0.038763728	-0.3466013	0.3454537	-0.247769	0.06317954	0.22745425	0.25133285	0.07269977	-0.48077467	0.578237	-0.32492375	-0.33069262	0.4315647	-0.022207828	0.116082974	0.15435024	-0.4605491	-0.04762812	-0.49967	0.37654382	0.49055865	-0.2619347	0.46018094	-0.037903696	0.2763768	0.19447117	-0.1233964	0.45911068	-0.23473467	0.29195145	0.11477121	0.05588561	-0.35846737	0.31377858	0.20799166	-0.5659657	0.3177351	0.77173716	0.03405045	0.0995035	-0.6210251	-0.37533554	0.32136035	-0.5611762	0.20470282	0.39527875	-0.33397886	0.26477298	0.12731607	0.29727277	-0.40576166	-0.12315592	0.1948963	0.5036945	-0.7247136	-0.13557027	0.38715208	0.19865775	0.17809038	0.02097595	-0.40940043	0.1104496	-0.4008919	0.25638968	0.17648421	-0.3456344	-0.13682106	-0.11441723	0.4904952	-0.045018937	-0.23694444	0.16416407	0.34005108	0.15801933	-0.6386526	0.31098816	0.06601104	0.14608732	0.48932976	-0.0739522	-0.3247498	0.12655948	0.4884518	0.107683405	-0.20356816	-0.065257736	0.13982971	0.37188008	-0.3927575	0.3625379	0.017489642 
-0.2947198	-0.24361548	0.780399	-0.38010597	-0.088869475	-0.09560582	-0.019766876	0.4065916	0.037985507	0.076530844	0.011045019	-0.30000848	0.15047336	0.2967361	-0.097267054	0.17076738	-0.31063172	0.20739938	-0.12038173	-0.3145807	0.40019387	0.07047504	-0.2108158	-0.4317173	0.04997142	-0.28831425	-0.10940201	0.20747773	0.23676555	-0.30091724	-0.01344404	-0.23155166	-0.034079287	-0.014465837	0.12492017	0.10991134	0.267317	-0.56277674	-0.83786744	0.1687428	-0.09551049	-0.2950926	-0.33186546	0.028165665	0.13773327	-0.18533935	-0.44858432	-0.28198317	-0.27944618	0.15073475	0.4739612	0.2671842	-0.63424855	-0.26664704	0.028526306	0.14943029	0.1242013	0.21191086	-0.3051366	-0.16237547	0.18950273	0.14600979	0.7780385	-0.5265651	-0.28677323	0.3846083	-0.036313266	0.09312099	-0.4871015	-0.42438394	-0.07048486	0.22991224	-0.12596154	0.03267418	0.34150746	-0.037913565	-0.16655336	-0.20166245	0.13309859	-0.49576798	-0.18676402	-0.33910948	0.19267505	0.078109294	0.08675674	0.40497392	0.10476347	-0.7372636	0.2872218	0.5392167	-0.28176838	0.17337133	0.048930343	0.2956559	0.3620501	0.053051442	0.07755672	-0.48666257	-0.3256975	0.5910627	-0.004554574	-0.2601339	0.27401382	0.3912195	0.23929597	-0.00081031333	0.0016054121	0.09242812	-0.19276945	0.05839665	0.23208483	-0.2046206	-0.14380293	-0.35914952	-0.3630294	0.16702878	0.01766513	-0.09261433	0.04579572	-0.3480529	-0.070813805	-0.14448248	-0.088415384	0.17156483	0.023204926	0.14551617	-0.35116374	0.43229136 
0.4673767	-0.3289916	0.41773424	-0.029315561	-0.18958008	0.47505474	0.31258547	-0.19785173	0.47749206	-0.3029626	-0.07971229	-0.26429445	0.5721151	-0.3726988	-0.44774514	0.22562332	-0.5364051	0.37230787	-0.5263743	-0.07312387	0.48036668	0.3274922	-0.09693195	-0.25283384	0.4596793	-0.254118	0.26852697	0.20894518	0.40941784	-0.06119103	-0.17822513	-0.15682612	0.10459265	0.058536544	0.051758356	0.80872226	0.23589805	-0.5043403	-0.15253036	-0.042241227	-0.18676305	-0.03650582	-0.21082717	0.19625843	-0.11887548	-0.21159145	0.017712785	-0.08642887	0.18627311	0.24567424	0.13228746	-0.5898274	-0.29924935	0.08771979	-0.2508347	-0.0819543	0.5910505	-0.3543299	-0.57979494	0.11546261	0.039213184	0.31662342	0.2019756	0.029805345	-0.0072768657	0.2669132	-0.0004064413	0.017829781	-0.35383734	0.07393982	-0.007883277	0.38111183	-0.5985857	0.2822724	0.78732735	0.15699072	0.0965113	0.37451336	0.0771014	-0.31824166	-0.40467158	-0.32057145	0.25036308	-0.31754294	0.4329265	0.8096265	-0.047964547	-0.3800261	0.31015962	0.04297359	-0.46164557	-0.13156138	0.8040542	-0.24930567	0.32137135	0.48194095	-0.50826496	-0.48810667	-0.55104095	0.0533357	-0.45311913	-0.03421434	0.065386	-0.1449892	0.29850212	-0.10365348	0.17538226	-0.27244192	0.19761075	0.28956944	-0.05224725	-0.39258528	0.025231002	-0.08811517	-0.45186454	-0.7729749	0.13257013	-0.11970809	-0.14251262	0.020997489	0.35650298	-0.44557396	-0.433667	-0.32322374	0.31240177	0.22466853	-0.33059722	0.33145845 
0.16612914	0.123513415	-0.49525154	-0.1347824	-0.049467664	0.19093052	0.33746862	0.565375	-0.48723283	0.38746685	-0.2831264	-0.5654422	0.18562832	-0.22072165	-0.021655547	0.23628844	0.14580175	-0.23500092	-0.29552564	0.2029967	-0.20137066	-0.322658	-0.14985241	-0.05619418	-0.48963833	-0.47230592	0.23951587	-0.795473	0.1984234	-0.37914112	-0.21032171	-0.5808304	-0.16097581	0.03711092	-0.002955622	-0.015368397	-0.21841823	-0.095069796	0.10710287	-0.14199485	0.9023578	-0.16449192	0.08219578	0.116448924	-0.16144873	-0.09928085	0.016768718	-0.42296916	-0.28194147	0.23343372	0.6288341	-0.09519056	0.7523762	-0.08338466	-0.25951037	-0.4237396	0.17789115	0.11129253	-0.6559723	-0.41139117	-0.3411355	-0.29030097	0.46598127	-0.43990892	0.6339477	-0.09684845	0.20060116	0.12849309	0.12258886	0.055346828	-0.17805566	0.36896482	-0.7751956	0.10494257	0.13124432	-0.014398052	-0.4918712	-0.24534644	0.054696303	-0.02192781	-0.6335787	-0.329483	0.324037	-0.20746797	0.13172147	0.24543354	0.25328052	0.0073301313	0.09360534	-0.18045232	-0.105675995	-0.065007985	-0.0041912673	0.13026658	0.42837623	0.23411262	-0.5158486	0.07221265	0.12187085	-0.57324255	-0.10316089	-0.20865351	-0.35854092	-0.111522116	-0.21544857	0.15893835	-0.8837191	-0.4333009	0.2821045	-0.8333947	0.27158943	-0.38878193	0.05413816	-0.10435575	-0.10663993	-0.09201099	0.70114887	-0.18081066	0.17135	0.081538066	0.177626	-0.18144739	-0.18881863	0.54359436	0.034686137	0.30798602	-0.26168105	-0.16171068 
0.4858045	0.20554627	0.60691917	-1.0031849	-0.099565	-0.19955418	0.6571215	-0.22150403	0.40512463	0.44939342	-0.18962003	0.0016080913	0.2073063	-0.34366193	0.67374575	0.8353421	0.15284716	0.4507994	-0.9713077	0.660283	0.24608195	-0.52191556	-0.3085637	-0.26946083	-0.6881464	-0.27515733	-0.2888187	0.15394752	-0.06304584	0.2552216	0.18353385	-0.5341653	0.2997701	0.6836507	-0.37421614	0.78160536	0.031699613	0.37610924	-0.50028944	0.48885694	-0.03177972	-0.21771136	0.5892526	-0.22759588	-0.3163309	-0.8563347	0.3645712	-0.5451043	-0.3036299	0.012386735	0.17372064	-0.46565378	-0.6635184	-0.028655982	-0.5596854	0.38962802	0.24297118	-0.04660996	-0.43532163	0.75010854	-0.18977945	1.0443958	-0.112824254	-0.92569715	0.13159914	-0.3128057	0.03578759	-1.048577	-0.4689158	0.0998976	0.57477057	0.027882615	-0.6358234	-0.13406155	0.9901598	-0.038478877	0.06459928	-0.39719215	0.1520605	-0.17687558	0.20090927	-0.111143455	0.5926201	0.59252816	0.058398895	0.7560325	-0.35786274	-0.1412034	-0.086542666	0.31332952	-0.11335009	-0.16445896	0.64478624	0.41529155	0.68272007	0.3047483	-0.69287187	-0.5176611	-0.04610976	-0.45524725	-0.38852587	0.11449903	0.32953	-0.19803374	-0.1823443	0.5277866	-0.22017635	0.008955309	-0.17120506	0.051775243	-0.31562093	0.44943893	-0.002281785	0.5196748	-0.31694677	-0.77151185	0.5475132	-0.50258124	0.070517264	-0.30422282	-0.16237055	-0.46718457	0.15667355	0.5915871	0.42380038	0.42680573	-0.16552153	0.033236865 
