769	48	1
735	291	0
1256	14	0
1582	145	1
734	45	1
308	26	1
570	34	1
1425	26	1
1406	237	0
1551	138	1
1721	117	0
1988	44	0
1019	26	1
871	77	1
1606	146	1
305	6	1
460	48	1
78	244	1
508	34	1
1665	210	1
2095	209	0
1759	288	1
1504	74	0
2094	273	0
2011	21	0
212	42	0
813	293	0
416	270	0
554	218	1
1326	175	0
118	10	1
549	48	1
1300	107	0
525	34	1
922	95	0
662	101	0
278	183	0
162	18	0
1693	234	0
1720	75	0
424	86	1
160	6	1
1557	196	0
2258	244	0
948	61	1
837	50	1
293	197	0
1161	27	0
2028	153	0
1566	34	1
1894	218	1
955	298	0
2267	221	0
2017	226	1
72	244	1
11	178	1
261	6	1
66	84	1
950	128	0
392	273	0
804	132	1
1413	216	0
165	89	0
1537	282	0
1022	166	0
1695	173	1
346	252	0
2182	220	0
626	194	0
1888	70	0
517	285	0
1751	281	0
502	117	1
1438	0	0
1758	290	1
377	128	0
1190	142	0
2053	208	0
1368	242	0
1217	41	0
841	50	1
1143	87	1
32	77	1
533	6	0
777	268	0
254	289	0
2161	56	0
517	50	1
698	149	0
634	49	1
355	2	0
1819	176	0
1558	205	0
1197	109	0
1877	181	0
149	52	0
2269	0	0
965	64	1
179	167	0
720	42	0
2265	283	1
974	109	0
584	34	1
1305	178	1
1750	178	1
799	218	1
2070	25	0
340	6	1
265	130	0
1021	75	1
188	100	0
1692	172	1
183	4	0
1152	88	1
1360	38	0
490	34	1
485	34	1
1424	26	1
2238	273	1
1896	178	0
776	94	1
311	6	1
1835	211	1
237	132	0
824	50	1
2148	244	1
1718	271	0
1598	112	0
844	226	1
409	96	0
208	48	0
1880	143	0
726	44	1
672	34	1
717	34	1
1202	215	0
1183	91	1
633	34	1
66	14	0
1234	202	0
2085	105	0
1367	26	1
1345	94	1
558	51	0
83	279	1
137	8	1
1001	48	0
1512	138	1
1469	94	0
2243	58	0
1173	90	1
1747	177	1
2224	111	0
821	31	0
544	108	0
1330	94	1
1955	132	1
31	34	0
1794	86	1
2080	165	1
810	185	1
989	102	0
842	60	0
2073	165	1
962	251	0
2064	94	0
851	282	0
1608	86	0
792	37	0
932	55	1
1277	107	1
299	6	1
2272	44	1
2181	244	1
472	142	1
1944	220	1
1777	50	0
618	35	0
1906	218	1
1825	25	0
2234	258	0
802	49	1
1599	145	1
1153	88	1
705	26	0
1387	71	0
580	94	1
512	290	0
1584	90	0
817	50	1
127	50	1
1467	176	1
1845	82	0
1671	166	1
427	62	0
800	218	1
433	186	0
716	34	1
634	218	1
766	116	0
1540	138	1
873	152	0
1442	130	1
1002	178	0
2072	195	0
462	31	0
34	181	0
1235	288	1
615	34	1
2095	127	0
539	7	0
78	55	1
1464	39	0
497	34	1
2124	94	0
45	142	1
1011	83	1
416	32	1
110	49	1
1959	177	0
946	142	0
2006	247	1
955	70	0
50	104	0
110	7	1
1777	40	0
1843	55	0
467	77	1
2103	165	1
343	13	1
1399	13	0
1606	19	0
180	6	1
439	40	1
685	34	1
782	48	1
327	175	0
1113	205	0
1501	139	1
506	34	1
1276	292	0
2117	57	0
1251	134	1
2159	244	1
1128	69	0
1676	231	0
529	236	0
1842	240	0
1278	108	1
2004	288	0
2009	226	1
1075	77	1
1286	110	1
135	243	1
8	6	0
1066	82	0
825	50	1
1245	52	0
299	83	0
83	70	0
1450	244	0
682	209	0
364	6	1
1685	117	0
232	6	1
1488	135	1
181	203	0
53	212	0
881	125	0
537	34	1
1678	169	1
1910	232	1
1759	42	0
210	129	0
537	182	0
822	50	1
1073	132	1
1471	134	1
50	288	1
634	261	0
91	34	1
1874	146	0
41	198	1
1110	240	0
2196	248	1
1248	110	0
2320	70	0
1358	113	0
1784	261	0
686	226	0
1470	177	0
1434	11	1
1239	288	1
1534	138	1
420	130	0
2242	190	0
197	48	0
875	77	1
2041	232	0
1759	180	0
80	244	1
465	63	0
244	6	1
1567	34	1
1301	38	0
887	155	0
2042	99	0
111	34	1
668	34	1
59	108	1
1287	32	0
1094	269	0
763	90	0
1963	223	1
1120	248	0
460	34	1
965	245	0
1220	153	0
2321	287	0
1125	165	0
1623	167	0
1751	204	0
724	289	0
2122	255	0
681	247	0
1105	158	0
2095	35	0
929	55	1
1485	139	1
1883	211	1
127	138	1
2274	44	1
878	201	0
2265	26	0
1400	151	0
881	260	0
1434	66	0
544	34	1
876	94	1
1734	174	1
440	105	0
1087	77	1
1735	241	0
136	288	1
114	269	0
118	135	1
1142	85	1
479	50	1
91	291	0
525	70	0
1438	238	0
1699	41	0
1409	26	1
802	245	1
166	34	1
1935	237	0
2168	210	0
2209	258	1
96	244	1
392	254	1
529	34	1
1259	99	1
138	19	1
1767	52	0
103	88	1
1661	196	0
429	127	0
1113	160	0
1827	142	0
48	266	1
220	279	0
1858	211	1
15	66	1
911	55	0
1316	45	0
102	99	0
2133	244	1
1656	156	1
933	159	0
1595	157	1
2126	97	0
1759	3	0
30	34	1
1230	91	1
1789	142	1
137	123	1
750	168	0
1246	100	1
350	6	1
1833	285	0
1426	157	0
400	109	0
217	171	0
1227	288	1
679	45	0
788	148	0
597	34	1
30	76	1
443	258	0
1123	77	1
1855	211	1
423	48	1
467	105	1
1879	140	0
2190	68	0
1421	26	1
128	6	1
59	34	1
2044	227	1
770	48	1
1512	179	0
2174	219	0
1347	159	0
103	267	1
609	77	1
1686	27	0
1431	11	1
2178	95	0
566	181	0
859	50	1
347	182	0
103	173	1
793	15	0
2248	129	0
1650	93	0
430	6	0
112	244	1
1286	80	0
926	210	1
76	50	1
1685	264	0
909	215	0
1953	132	1
2245	273	1
1084	247	0
1792	243	0
639	91	0
74	50	1
1138	138	0
1114	77	1
1624	116	1
35	5	1
1454	153	0
1030	174	1
637	34	1
2126	271	0
287	6	1
716	131	0
2179	170	0
141	123	1
634	94	1
238	25	0
1672	63	0
556	34	1
817	142	1
727	218	1
403	206	1
1593	172	0
634	175	1
31	216	0
1521	256	1
2112	234	1
404	179	0
1458	184	0
606	223	0
177	105	1
2264	22	0
343	69	1
2275	201	0
969	265	0
631	34	1
547	48	1
151	201	0
1549	297	1
714	199	0
1709	113	0
1867	169	0
783	99	0
423	110	0
402	274	0
2147	258	0
2115	291	0
1004	73	1
643	29	0
1667	265	0
629	105	1
839	50	1
110	244	1
155	82	0
2265	297	1
1374	268	0
25	76	0
2298	275	0
739	48	1
1095	77	1
1966	142	1
788	49	1
1727	174	1
1962	186	0
2035	266	0
136	123	1
460	132	1
2202	267	1
552	129	0
454	101	0
176	12	0
806	174	1
600	34	1
1931	105	0
193	6	1
847	94	1
1041	218	0
927	254	0
1521	258	0
2151	63	0
580	282	0
1890	121	0
344	157	0
628	44	1
127	91	1
2137	162	0
1801	3	0
347	6	1
435	79	0
1539	138	1
282	6	1
1083	11	1
13	62	0
1577	132	1
443	40	1
561	142	1
2285	156	0
1619	116	1
1709	218	1
2010	226	1
2035	275	0
993	105	1
1705	273	0
659	245	1
30	297	1
1170	156	0
913	53	1
1497	38	0
814	285	1
433	39	1
1831	207	1
1551	116	0
244	78	0
233	37	0
961	64	1
515	139	1
411	229	0
1042	252	0
468	34	1
1696	173	1
441	291	0
2050	227	1
787	172	0
1909	32	0
251	6	1
1525	3	0
1705	139	0
426	71	0
1907	239	0
1480	134	1
1058	291	0
1680	140	0
689	34	1
23	61	0
68	34	1
1247	290	0
642	268	0
423	50	1
294	137	0
367	159	1
1332	21	0
1680	8	1
1223	16	0
2083	165	1
2206	36	0
1250	134	1
535	143	0
1226	91	1
460	50	1
2078	0	0
403	235	0
2139	244	1
1858	144	0
1701	173	1
1018	190	0
1959	223	1
192	299	0
1369	26	1
409	30	1
431	77	1
1394	61	0
1472	134	1
333	6	1
1867	211	1
1120	221	0
1659	267	1
149	118	1
875	76	1
223	4	0
1250	88	1
393	27	1
753	128	0
809	71	1
2193	232	0
1756	207	0
464	244	1
237	154	0
2300	177	0
1985	179	0
1716	140	0
943	145	0
157	194	1
1052	77	1
465	34	1
1666	160	1
303	6	1
58	48	1
1637	150	1
873	17	0
1134	124	0
1517	178	0
164	277	0
41	66	1
1256	46	0
1785	130	0
1433	256	0
1223	129	0
1951	130	0
524	48	1
367	186	0
495	134	0
840	220	0
2279	44	1
885	148	0
764	48	1
679	50	1
637	189	0
1246	93	1
672	212	0
1665	6	0
69	249	0
1275	105	1
1732	270	0
1850	211	1
2273	160	0
1324	91	0
1417	7	0
552	34	1
1951	222	1
1127	30	0
858	50	1
575	50	1
492	34	1
1699	252	0
1662	51	0
1922	219	1
867	50	1
489	94	0
974	210	1
1910	218	1
1701	64	0
119	166	0
77	252	0
696	34	1
1399	257	0
221	6	1
969	65	1
2281	44	1
1530	138	1
1664	160	1
626	50	1
1966	108	0
100	50	1
201	282	0
671	81	0
76	111	0
1889	212	1
1005	76	1
494	50	1
820	218	1
44	129	0
1772	174	0
2238	96	0
135	19	1
2207	257	1
265	6	1
899	268	0
1528	284	0
2204	86	0
1706	174	1
382	25	1
859	217	0
1279	109	1
2130	139	0
1420	107	0
1835	179	0
710	50	1
1339	94	1
1134	288	0
241	51	0
1355	219	0
339	201	0
510	48	1
1133	56	1
1564	34	1
392	243	0
588	34	1
1189	91	1
2318	187	0
2061	227	1
853	174	1
9	4	1
1471	293	0
311	294	0
2199	252	1
106	7	1
47	199	1
790	48	1
1607	148	1
779	140	0
77	71	0
1523	226	1
21	132	1
786	23	0
1180	267	0
2197	160	0
2263	112	1
1211	91	1
888	38	0
825	246	0
2022	85	0
368	50	1
598	54	0
1901	163	0
40	18	0
1523	174	1
1735	283	0
460	44	1
465	174	1
2087	235	0
611	34	1
303	207	0
2142	209	0
272	208	0
111	50	1
416	120	1
806	106	0
1398	34	0
47	11	1
647	44	1
918	227	1
680	272	0
891	53	1
619	221	0
910	53	1
399	106	0
792	251	0
1297	148	0
1018	26	1
790	97	0
427	32	1
1281	286	0
528	50	1
378	128	0
21	11	1
1479	162	0
1516	138	1
1051	29	0
107	199	0
783	248	0
719	34	1
75	244	1
1334	94	1
1405	243	0
1395	239	0
1578	178	1
1931	220	1
679	34	1
1493	277	0
137	288	1
599	34	1
1020	0	0
1353	178	0
1034	70	0
1864	211	1
1430	11	1
1440	106	0
1518	7	0
1102	162	0
1741	218	1
1236	139	1
661	60	0
493	34	1
1330	12	0
1857	211	1
2269	232	0
21	34	1
1015	75	1
1025	77	1
621	77	1
1126	77	1
501	48	1
93	244	1
1895	130	0
1601	145	1
414	32	1
126	23	0
1454	132	1
2001	196	0
246	6	1
1431	49	0
227	3	0
2006	225	1
68	50	1
587	34	1
998	218	0
768	48	1
1638	77	0
520	34	1
1195	238	0
1250	56	0
993	275	0
1452	30	0
1551	97	0
2222	267	1
639	227	1
86	244	1
614	159	1
1709	124	0
1180	91	1
473	150	0
2007	226	1
1077	81	0
158	194	1
646	34	1
1711	281	0
709	50	1
1686	139	1
1995	183	0
1673	271	0
123	246	0
2081	197	0
194	53	0
1612	76	0
1546	246	0
325	105	1
548	220	1
352	22	0
920	218	0
2053	227	1
1467	134	1
1927	220	1
62	279	0
1181	290	0
533	34	1
412	40	0
83	218	1
1029	174	1
2222	46	0
1458	132	1
144	123	1
2020	94	0
1613	141	0
2243	66	0
2040	199	0
741	48	1
1563	173	0
1070	221	0
1577	231	0
821	218	1
1560	2	0
2110	165	1
896	276	0
2022	43	0
2157	80	0
929	203	0
35	291	0
1473	129	0
1202	91	1
153	207	0
2317	245	0
1564	271	0
1581	158	0
139	19	1
2291	100	0
1141	220	0
1834	209	1
1660	288	0
1374	26	1
723	44	1
123	141	0
2329	298	1
1086	221	0
624	93	0
259	52	0
585	44	1
1694	95	0
2081	165	1
212	5	0
1888	211	1
1365	244	0
2144	244	1
1943	220	1
94	48	1
1924	193	0
1158	116	1
2025	22	0
953	26	1
2080	14	0
371	251	0
2183	31	0
543	34	1
1855	151	0
746	48	1
296	6	1
732	246	1
708	34	1
678	34	1
585	111	0
30	48	1
926	91	1
1130	77	1
607	34	1
892	134	1
1123	141	0
2118	286	0
30	50	1
805	218	1
1204	146	0
1986	142	1
1336	94	1
166	26	1
1413	26	1
399	28	1
2218	85	0
1991	105	0
1157	145	0
1462	132	1
1862	131	0
55	5	1
1665	288	0
1056	205	0
1907	227	0
697	237	0
512	187	0
97	299	0
508	263	0
707	211	1
236	82	0
359	66	0
1349	104	0
1711	174	1
1740	73	0
974	272	0
2015	215	0
1148	88	1
66	7	1
2029	227	1
1908	218	1
689	89	0
1929	133	0
1535	138	1
44	175	0
1808	195	1
379	140	0
582	105	1
647	150	0
1700	17	0
250	215	1
548	199	0
185	102	0
6	91	1
139	6	1
1912	218	1
2005	225	1
601	227	1
1345	233	1
1427	115	0
702	34	1
360	267	0
1825	248	0
796	76	1
239	280	1
911	197	0
1219	217	0
325	17	0
1407	153	0
2155	19	0
56	123	1
1832	207	1
196	6	1
403	28	1
1143	30	0
1061	77	1
630	174	1
1518	127	0
32	289	1
539	34	1
419	76	1
1353	94	1
1201	6	0
85	248	0
1245	267	0
707	34	1
133	14	0
1679	104	0
691	34	1
1816	85	0
856	226	0
1621	283	0
477	23	0
1007	86	1
103	211	1
771	48	1
1866	167	0
1286	94	1
2226	71	0
106	212	1
2293	296	0
545	256	0
141	284	0
64	50	1
1630	131	0
639	218	1
475	199	0
401	9	0
321	6	1
982	260	0
397	77	1
1729	174	1
2275	150	0
452	51	0
1832	212	0
1366	233	0
287	145	1
1861	38	0
1917	109	0
1994	142	1
731	109	0
1484	135	1
860	218	1
208	6	1
1908	18	0
1127	90	0
1151	209	0
663	34	1
577	47	0
1385	69	0
192	6	1
2252	271	0
1928	220	1
1946	131	0
867	39	0
681	50	1
1850	209	0
174	6	1
1355	287	0
325	53	1
112	32	1
155	6	1
524	68	0
938	58	1
541	272	0
2306	2	0
703	1	0
1094	202	0
80	146	0
1810	224	0
1017	5	0
843	50	1
840	59	0
96	50	1
1827	2	0
635	34	1
1211	133	0
749	54	0
1983	142	1
2124	240	1
1185	288	1
475	50	1
1243	152	0
1842	211	1
508	60	1
32	109	1
685	19	0
1769	217	1
711	96	0
1363	290	0
1032	250	1
2275	44	1
1867	185	0
732	44	1
1543	50	0
592	72	1
1537	138	1
1603	145	1
2030	241	0
2053	128	0
1850	224	0
673	34	1
1394	296	0
634	217	1
1436	86	1
2313	290	1
873	73	0
2077	63	0
367	285	1
1839	202	0
1740	174	1
272	6	1
92	15	0
2070	177	0
832	50	1
140	279	0
1921	91	0
1945	266	0
2154	51	0
877	138	1
1383	130	0
2038	227	1
102	244	1
1527	218	1
2072	165	1
10	178	1
157	8	1
777	48	1
2314	69	0
1251	88	1
1502	139	1
795	48	1
1294	115	0
1700	133	0
697	111	0
1428	137	0
1718	174	1
14	77	1
1762	171	0
1097	75	0
2317	96	0
1111	47	0
1301	207	1
1600	145	1
34	154	0
648	50	1
1622	254	0
695	34	1
157	288	1
2077	109	0
625	132	1
719	76	1
708	45	0
2110	224	0
430	296	0
1052	130	0
1437	164	0
880	278	0
465	94	1
643	26	1
426	36	1
764	204	0
802	139	1
324	6	1
357	6	1
467	142	1
2308	155	0
1765	164	0
2174	244	1
1007	77	1
1555	138	1
1999	128	0
2275	6	0
1684	295	0
2138	295	0
103	7	1
47	109	1
1273	257	0
223	6	1
698	34	1
1469	116	1
810	44	0
1825	205	1
844	77	1
508	211	1
120	0	0
406	30	1
129	50	0
643	111	1
1024	205	0
915	246	0
1774	38	0
19	69	0
868	50	1
32	218	1
601	266	0
354	243	1
789	213	1
1548	230	0
1636	116	1
1123	218	1
434	50	1
1458	152	0
1219	91	1
1253	213	0
67	50	1
601	202	1
2034	42	0
1266	102	1
1655	156	1
113	77	1
758	156	0
630	235	0
180	8	1
156	163	0
1207	237	0
134	191	0
876	293	0
856	174	1
212	264	0
1865	210	0
1402	58	0
1320	94	1
118	17	1
95	272	1
2249	210	0
2326	172	0
756	132	1
87	188	0
1699	245	0
2198	17	0
1536	274	0
1873	294	0
1889	211	0
1712	174	1
1945	220	1
637	218	1
1829	148	0
1952	49	0
910	194	1
2258	183	0
609	218	1
219	6	1
25	281	0
812	76	1
986	66	1
2224	128	0
1284	253	0
198	165	1
1631	203	0
20	44	1
34	234	0
1467	174	0
145	19	1
714	194	0
412	31	1
424	298	0
907	83	0
1841	253	0
2226	120	0
1608	148	1
2286	287	1
156	261	0
127	26	1
2030	298	0
521	243	0
1344	94	1
1029	105	1
1543	139	1
234	213	0
1103	237	0
1389	248	0
1940	67	0
617	138	1
420	34	1
20	45	1
802	142	1
1190	91	1
1229	288	1
2132	28	0
701	34	1
344	50	0
30	132	1
684	50	1
540	48	1
546	50	1
157	148	1
113	6	1
1972	142	1
1140	83	1
182	71	0
1998	142	1
1809	235	0
1880	211	1
626	166	0
36	5	1
923	53	1
552	27	0
1607	103	0
889	174	1
2095	165	1
1185	76	0
213	6	1
134	243	1
1160	116	1
811	205	0
2122	240	1
1725	102	0
2071	165	1
2172	110	0
2038	178	0
925	293	0
596	195	0
2298	282	0
1789	130	0
614	46	0
1805	194	1
801	218	1
634	174	1
719	77	1
824	11	0
957	64	1
121	174	1
1920	70	0
1923	65	0
1076	87	0
1355	125	1
75	243	0
529	50	1
197	0	0
2107	248	0
1629	36	0
2022	149	0
1586	145	1
1988	142	1
2214	161	0
1651	156	1
1712	130	0
1753	43	0
834	50	1
113	8	1
671	31	0
595	156	0
57	28	0
2098	129	0
732	45	1
1653	61	0
436	40	1
1503	138	1
526	34	1
1896	218	1
679	48	1
1341	154	0
746	217	0
2251	16	0
345	172	0
1221	91	1
1949	220	1
541	48	1
1758	182	1
1313	291	0
2084	52	0
2260	133	0
1544	65	0
178	123	1
33	91	1
752	229	0
1182	220	1
447	40	1
778	247	0
2210	116	0
617	34	1
32	49	1
1780	66	0
30	142	1
1372	174	0
446	227	1
2261	243	0
1190	114	0
1165	88	1
1743	298	0
33	253	1
1241	91	1
1024	174	1
1858	240	0
403	124	1
1620	41	0
447	62	0
575	94	1
2233	270	1
2113	234	1
1164	216	0
111	7	1
594	94	0
624	244	1
1215	116	1
1273	7	0
1289	225	0
677	175	0
1171	68	0
2065	165	1
92	244	1
1268	174	1
1739	226	1
21	5	1
998	96	0
1107	77	1
1851	21	0
1577	200	0
1508	174	1
667	273	0
896	53	1
262	178	0
82	7	1
1862	211	1
455	77	1
686	249	0
1526	218	1
822	142	1
2026	176	0
1721	270	0
686	34	1
749	207	0
366	154	0
2023	226	1
14	66	1
823	50	1
125	289	0
956	69	0
368	229	0
949	293	0
2003	62	0
58	185	1
2242	128	0
1323	85	0
3	3	1
1566	0	0
225	6	1
1337	272	0
1534	164	0
1129	64	0
103	138	1
106	297	0
733	288	1
1358	218	1
114	116	0
1204	91	1
938	200	0
1481	86	0
127	165	1
2166	29	0
1846	211	1
56	13	1
1837	185	0
1349	176	0
1451	275	0
557	26	0
1550	297	1
457	58	0
1584	297	0
1832	0	0
30	5	1
1168	8	1
1974	142	1
784	48	1
749	131	0
313	6	1
1990	266	0
1071	34	0
871	98	0
271	6	1
988	265	0
1038	77	1
1693	156	1
374	132	0
99	112	0
627	50	1
1402	263	0
1025	174	1
1701	183	0
181	6	1
2222	230	0
265	259	0
105	142	1
1704	11	0
448	132	1
1159	88	1
2268	44	1
1810	198	1
1372	26	1
1161	33	0
495	34	1
170	6	1
1820	85	0
1448	132	1
585	174	1
346	258	0
2273	44	1
1162	20	0
365	123	1
1965	68	0
52	138	0
76	292	0
2051	227	1
681	48	1
844	50	1
1738	174	1
1900	51	0
1787	86	1
1136	288	1
800	50	1
123	83	0
926	53	1
934	58	1
705	53	1
556	288	1
349	45	0
2284	286	1
1596	245	0
1205	44	0
2108	112	0
365	19	1
332	88	1
1439	254	0
1249	286	0
2318	292	1
2175	298	0
33	116	1
857	174	1
31	5	1
1067	42	0
139	212	0
81	165	0
1461	90	0
66	50	1
598	298	0
605	132	1
343	19	1
1289	86	0
1244	113	0
336	268	0
1378	26	1
1022	75	1
416	100	0
25	5	1
1897	218	1
335	26	0
792	49	1
1785	86	1
1192	124	0
1753	178	1
1017	163	0
767	135	0
1917	218	1
209	6	1
1557	112	0
1072	132	1
724	246	0
86	126	0
513	34	1
470	34	1
133	18	1
1796	74	0
881	42	0
2253	5	0
32	276	1
284	6	1
901	274	0
352	70	0
353	6	1
946	253	0
1721	174	1
630	34	1
1996	298	0
1803	194	1
1022	103	0
324	83	0
144	19	1
1108	51	0
1251	95	0
2215	56	0
1954	5	0
1186	0	0
1269	105	1
1034	77	1
457	279	0
1040	139	0
451	165	0
97	7	1
2193	150	0
1830	186	0
761	48	1
968	64	1
640	34	1
1638	150	1
1157	88	1
821	50	1
1873	12	0
911	116	1
114	8	1
152	224	0
756	139	0
1521	244	1
285	199	1
511	72	0
1208	27	0
795	109	0
247	6	1
1699	76	0
502	34	1
92	89	0
545	170	0
567	34	1
2285	286	1
1716	285	0
579	137	0
21	288	1
519	34	1
570	76	0
1017	171	0
2179	244	1
844	227	1
156	215	1
786	237	0
1130	62	0
1106	77	1
2113	34	0
1014	75	1
743	174	1
954	75	1
134	194	1
1929	9	0
575	34	1
1661	200	0
1468	256	0
83	244	1
1030	89	0
1174	23	0
2043	227	1
1193	180	0
2282	44	1
720	194	0
2285	114	0
988	252	0
270	115	0
1816	199	1
1653	274	1
952	183	0
437	94	1
1253	57	0
2205	172	0
725	44	1
103	48	1
1741	174	1
1918	12	0
490	76	0
325	77	1
22	4	1
647	1	0
1179	39	0
1373	26	1
377	24	1
111	181	0
2197	232	0
395	28	1
391	27	1
682	48	1
1043	77	1
1733	6	0
832	198	0
161	6	1
1247	93	1
1031	77	1
715	6	0
539	269	0
15	5	1
95	50	1
2241	273	1
383	273	1
20	5	1
2205	108	0
264	248	0
471	34	1
230	6	1
2325	13	0
919	216	0
2300	288	1
141	161	0
1214	91	1
112	158	0
218	6	1
970	65	1
861	76	1
1082	236	0
832	244	1
273	6	1
954	26	1
2012	259	0
371	90	0
795	218	1
840	138	1
2018	219	0
1403	26	1
1930	220	1
698	58	0
2115	34	0
1361	148	0
327	138	1
1889	268	0
1194	64	0
1639	154	1
1704	174	1
999	72	1
87	244	1
2019	226	1
95	158	0
136	63	1
288	6	1
1345	177	1
973	167	0
1420	52	0
2234	172	0
50	177	1
597	105	1
2003	247	1
392	138	1
1170	190	0
842	235	0
431	63	1
47	244	1
2115	256	0
944	61	1
689	130	0
892	216	0
2155	250	0
87	254	0
495	65	0
775	74	0
453	50	1
14	139	1
881	50	1
762	106	0
171	126	0
949	31	0
2108	77	0
804	186	0
1617	35	0
540	50	1
1860	211	1
1461	262	0
2205	64	0
838	50	1
503	34	1
88	226	1
1	56	0
168	226	0
18	245	0
840	175	0
772	243	0
195	168	0
1829	247	1
327	72	0
1601	165	1
1260	100	1
245	56	0
287	201	0
1463	211	0
375	217	0
437	42	1
1001	72	1
1830	207	1
1617	272	0
1688	295	0
953	138	1
2305	229	0
1182	288	1
1713	273	0
2117	235	1
1383	127	0
850	76	1
1305	271	0
1302	112	1
553	122	0
766	48	1
2004	225	1
1137	83	1
630	72	1
39	5	1
1344	132	1
710	34	1
826	13	0
1356	42	0
1120	119	0
1963	106	0
1746	263	0
2274	70	0
1435	199	1
110	22	0
483	77	1
247	197	0
2285	174	0
401	28	1
1175	220	0
1210	21	0
826	50	1
138	53	1
1515	9	0
1558	5	0
2255	274	1
435	50	1
220	171	0
137	165	1
1281	109	1
1598	145	1
1280	116	0
768	177	0
826	218	1
249	6	1
1615	148	1
1817	273	1
818	65	0
223	151	0
863	174	1
609	30	0
370	138	0
2161	244	1
302	107	0
1660	78	0
702	48	1
833	50	1
1503	139	1
1790	142	1
1792	270	0
1969	83	0
503	241	0
2284	102	0
109	48	1
1541	40	0
61	244	1
2072	11	0
633	58	0
111	226	1
302	6	1
2240	273	1
869	216	0
1841	131	0
2049	227	1
1917	129	0
2158	37	0
1313	118	1
1508	138	1
1069	65	0
1157	116	1
809	119	0
784	49	1
865	192	0
1832	88	0
30	244	1
442	40	1
483	34	1
1499	44	0
2008	21	0
1942	101	0
20	132	1
133	123	1
1864	156	0
936	72	0
721	286	0
561	193	0
458	34	1
187	132	1
1940	268	0
703	211	0
171	6	1
1991	114	0
2309	288	1
32	21	1
134	6	1
335	6	1
50	198	1
752	132	0
866	76	1
1989	142	1
1497	116	0
260	6	1
1094	29	0
77	244	1
369	48	1
1540	50	0
840	142	1
642	34	1
2194	131	0
1185	63	0
81	244	1
1632	247	0
832	168	0
15	4	1
526	48	1
1918	221	0
855	131	0
1214	67	0
1201	91	1
1730	174	1
655	55	0
158	6	1
991	107	0
239	273	1
1085	77	1
321	42	1
815	94	1
475	39	0
1272	105	1
676	34	1
1962	123	0
1807	132	0
1945	180	0
2249	273	1
135	99	1
1019	223	0
1648	209	0
135	287	0
454	150	0
213	87	0
8	7	1
498	50	1
733	246	1
2160	27	0
1738	106	0
982	66	1
2068	246	0
404	225	0
713	34	1
58	64	1
243	6	1
1737	174	1
2152	109	0
1584	223	0
875	125	0
103	50	1
392	27	1
803	131	0
926	269	0
447	245	0
1665	12	0
1978	256	0
563	77	1
317	184	0
18	4	1
591	265	0
1253	97	1
1522	205	0
30	44	1
1186	165	1
203	6	1
1474	116	1
1440	171	0
277	6	1
193	228	0
173	6	1
566	272	0
636	34	1
843	172	1
952	58	1
2308	189	0
1958	76	0
1660	158	1
1342	94	1
1636	239	0
2043	9	0
1425	152	0
1446	132	1
1336	46	0
367	48	1
66	226	1
1376	215	0
226	180	0
95	48	1
978	226	1
1253	119	0
615	124	0
801	50	1
43	238	0
1885	4	0
888	203	0
1101	92	0
530	77	1
147	50	0
1604	145	1
657	34	1
578	87	0
2003	227	0
1059	106	0
2270	30	0
1210	128	0
843	132	1
1470	138	0
819	50	1
1885	211	1
937	58	1
1565	177	0
1754	147	0
1948	144	0
47	5	1
1629	116	1
912	116	1
1352	182	0
1240	74	0
887	275	0
2169	285	0
2327	138	0
1606	271	0
1419	55	0
1512	40	0
238	6	1
834	287	0
2321	295	1
672	48	1
875	50	1
449	14	0
1169	120	0
341	6	1
1319	94	1
382	90	1
91	191	0
2311	145	0
547	226	0
939	257	0
156	53	1
2329	76	0
1423	26	1
1012	91	1
47	112	1
63	244	1
845	218	1
1700	11	0
634	220	0
523	198	0
837	76	1
810	115	0
1523	138	1
2190	254	0
1920	176	0
595	54	0
946	227	1
1156	88	1
759	48	1
1065	199	0
1442	12	0
988	101	0
521	223	0
921	53	1
738	48	1
844	25	0
1775	86	1
131	34	1
473	34	1
1271	105	1
791	109	1
1762	248	0
386	34	1
320	66	0
321	18	0
1447	177	0
2009	105	0
454	43	1
169	6	1
1303	113	1
1467	265	0
2273	23	0
1513	138	1
1686	59	0
1325	75	0
417	96	1
469	34	1
2290	288	1
2288	288	1
510	50	1
1379	201	0
2171	244	1
80	202	0
277	258	0
1060	43	0
557	34	1
1220	91	1
1760	290	1
1347	94	1
240	145	1
1809	196	1
1902	24	0
2216	236	0
476	48	1
372	168	0
999	117	0
629	77	1
562	34	1
99	7	1
521	227	1
1532	167	0
312	165	1
634	108	1
274	114	0
844	186	0
136	194	1
1731	174	1
1504	267	0
830	50	1
2086	90	0
405	13	0
2155	100	0
1084	77	1
589	34	1
2188	243	1
307	165	1
337	288	1
415	32	1
1823	206	0
32	5	1
1103	77	1
332	266	0
36	130	0
47	26	1
1178	91	1
1031	132	1
2032	139	0
202	243	1
1434	116	0
260	157	0
645	4	0
776	64	1
1	27	0
49	5	1
1247	211	0
59	139	1
647	34	1
1639	88	0
535	50	1
388	78	0
1189	259	0
36	198	0
103	174	1
801	49	1
339	6	1
2022	49	0
1198	281	0
619	34	1
369	185	1
1183	113	0
63	50	1
238	182	1
913	270	0
188	153	0
320	53	1
1641	145	0
1279	90	0
153	299	0
2024	176	0
2004	48	0
1798	42	0
2166	164	0
711	72	0
909	53	1
49	183	1
1759	219	1
1838	117	0
1118	173	0
1136	238	0
757	48	1
1597	219	1
2256	275	1
985	2	0
375	172	0
560	34	1
1473	133	0
65	7	1
274	0	0
510	34	1
709	180	1
1916	181	0
308	6	1
1139	83	1
2195	248	0
1786	272	0
854	77	1
1311	120	0
1530	174	1
1720	163	0
1721	42	0
72	7	1
611	72	1
1398	26	1
610	105	1
800	49	1
1980	74	0
101	50	1
1662	159	1
2210	114	0
859	142	1
765	48	1
976	287	0
1099	220	0
425	238	0
618	34	1
102	50	1
594	105	1
642	22	0
134	18	1
1198	273	0
1784	270	0
1248	95	1
100	244	1
1883	27	0
180	288	1
1360	26	1
1209	202	0
396	231	0
667	34	1
1947	220	1
2024	226	1
1397	244	1
42	284	0
476	144	0
865	95	0
58	86	1
310	6	1
1051	77	1
143	19	1
2195	72	1
2131	133	0
2009	78	0
1622	130	0
319	173	0
1687	191	0
140	123	1
1279	54	0
602	281	0
1168	165	1
392	291	0
574	247	0
2322	295	1
21	185	1
634	77	1
2224	233	0
1169	256	0
1889	189	0
995	49	0
2044	59	0
2005	247	1
1073	77	1
1120	105	1
767	48	1
2271	289	0
1288	110	1
151	52	0
2197	251	1
2172	132	0
407	291	1
370	27	0
2168	40	0
524	34	1
923	266	0
1827	206	1
988	218	1
1342	142	0
2220	217	1
1879	261	0
563	44	1
1242	196	0
394	28	1
859	211	1
259	68	0
1524	138	1
835	66	0
1230	288	1
1483	93	0
623	34	1
1132	114	0
50	5	1
393	130	0
1805	5	0
1919	218	1
59	132	1
1025	145	0
2316	107	0
1389	28	0
947	61	1
554	50	1
1950	21	0
1976	49	0
1892	179	1
1816	271	0
26	19	0
1042	213	0
1616	248	0
546	48	1
1520	47	0
901	116	1
56	62	0
1238	288	1
1020	226	1
1684	139	1
418	32	1
1829	117	0
478	34	1
2093	165	1
1833	281	0
710	48	1
100	215	0
322	271	0
490	266	0
1132	96	0
1702	174	1
1450	204	0
2042	50	0
1599	226	0
1444	151	0
437	177	0
504	34	1
1563	34	1
51	50	1
2081	170	0
1444	132	1
625	34	1
433	257	1
1335	94	1
1219	116	1
67	7	1
113	76	1
2012	277	0
2142	248	0
2059	115	0
1475	291	1
1411	113	0
681	290	0
1052	287	0
92	254	0
1022	34	0
1462	142	1
1268	130	0
1040	77	1
1301	211	1
793	48	1
1853	211	1
239	276	0
562	105	1
612	142	0
1875	211	1
77	223	0
143	6	1
1899	218	1
611	282	0
991	192	0
930	55	1
226	17	0
304	11	0
2144	61	0
423	26	0
595	280	0
1252	88	1
801	48	1
2058	248	0
367	50	1
1694	11	0
1033	242	1
731	22	0
328	242	0
844	260	0
1191	112	0
571	34	1
885	91	1
1183	54	0
1470	171	0
311	246	0
731	45	1
1968	142	1
196	240	0
873	50	1
1648	17	0
1107	0	0
2241	237	0
314	91	1
1134	209	0
1077	77	1
2149	244	1
1709	277	0
326	5	0
362	6	1
1639	177	0
1060	77	1
1274	171	0
561	174	1
319	163	0
57	8	1
1248	117	0
1817	295	0
672	50	1
887	134	1
1659	273	1
865	50	1
1977	67	0
643	105	1
329	90	0
2076	2	0
322	6	1
1352	134	0
1142	273	1
1026	105	1
1161	117	0
1164	86	0
2111	165	1
1186	91	1
1093	246	0
368	117	0
280	113	0
59	7	1
1237	91	1
197	6	1
2054	227	1
883	88	1
319	6	1
367	185	1
851	50	1
1136	116	1
1918	218	1
596	40	0
71	7	1
1412	26	1
141	16	0
274	167	0
200	101	0
694	34	1
2198	293	0
708	173	1
331	6	1
1976	265	0
1185	91	1
626	266	0
1133	133	0
561	256	0
463	48	0
197	243	1
510	19	0
100	148	0
2090	59	0
1592	5	0
1239	183	0
889	53	1
2308	92	0
1673	64	0
1129	77	1
1603	161	0
83	247	0
2311	259	0
103	257	1
2194	96	0
1117	77	1
1487	74	0
1726	156	0
1814	199	1
199	6	1
1590	145	1
381	229	0
684	48	1
995	90	0
553	70	0
14	138	1
521	50	1
1531	138	1
901	151	0
1540	3	0
1948	220	1
1821	254	0
437	284	0
9	50	1
1312	284	0
1483	130	0
1506	138	1
984	200	0
502	49	0
1083	49	1
775	256	0
2215	265	1
131	32	1
1623	116	1
557	144	0
1437	27	0
419	48	1
105	217	1
1821	48	0
1460	132	1
879	218	1
770	105	0
588	42	0
83	48	1
1997	53	0
274	6	1
531	72	1
1475	221	0
1161	123	0
73	244	1
103	94	1
2212	142	0
1331	87	0
1237	272	0
1031	250	1
1582	297	0
826	286	0
1986	242	0
106	40	1
1072	105	0
1785	244	1
787	255	0
576	296	0
1704	259	0
575	110	1
954	72	1
1915	169	0
1149	88	1
2158	244	1
473	134	0
1465	132	1
423	138	1
498	265	0
103	139	1
348	6	1
1892	32	0
2198	39	0
1010	193	0
481	272	0
1261	100	1
94	218	0
358	72	1
127	145	0
2162	244	1
1520	82	0
2302	288	1
883	53	1
553	139	0
2199	154	0
528	84	0
1632	116	1
980	66	1
1104	77	1
797	48	1
1746	65	0
935	57	1
32	124	1
585	162	1
146	184	0
634	58	1
2128	244	1
2277	44	1
1056	88	0
1576	132	1
137	19	1
209	226	0
47	110	1
68	226	1
103	39	1
589	270	0
516	132	1
259	179	0
2098	96	0
1399	3	0
1401	26	1
817	86	1
48	226	0
167	52	0
2189	175	0
21	138	1
50	220	1
54	279	0
686	169	0
774	119	0
1033	250	1
1140	87	0
762	83	0
553	138	0
29	40	0
2129	10	0
1363	26	1
502	181	1
783	139	0
48	235	0
1549	138	1
2021	288	1
863	295	0
2001	225	1
1261	275	0
2094	165	1
59	244	1
95	58	0
963	64	1
500	50	1
105	86	1
579	218	1
2314	291	1
1933	206	0
1521	114	1
1467	149	0
1565	59	0
1804	194	1
1538	202	0
901	190	0
1520	138	1
1193	133	0
34	149	0
1623	181	0
50	211	1
1436	257	0
1101	77	1
1241	148	1
1572	141	1
864	230	0
1380	192	0
355	23	0
1147	24	0
437	40	1
706	34	1
314	294	0
77	7	1
448	34	1
149	19	1
2282	99	0
2222	2	0
2118	216	1
1873	221	0
700	34	1
2232	270	1
775	186	1
2142	244	1
2257	76	0
876	52	0
1107	275	0
1431	220	0
1256	8	1
778	94	1
1969	252	0
1185	206	0
99	244	1
1964	142	1
1391	26	1
922	238	0
266	146	0
1116	77	1
1879	211	1
1594	145	1
134	81	0
450	279	0
1102	72	0
97	105	0
513	48	1
607	218	1
1098	68	0
1668	161	1
2193	72	1
1972	115	0
907	177	0
1905	211	0
1841	211	1
2000	225	1
1608	136	0
90	244	1
239	6	1
23	180	0
69	7	1
2014	258	0
1539	291	0
1517	138	1
1130	144	0
506	53	0
1997	133	0
1404	218	1
472	34	1
157	274	1
1735	148	0
1160	88	1
261	73	0
1217	91	1
1748	218	1
1589	145	1
152	55	0
1224	25	0
1072	26	1
127	34	1
2105	147	0
1457	132	1
1839	12	0
401	48	0
585	218	1
783	48	1
1624	298	0
1513	156	0
1581	68	0
993	77	1
1012	285	0
295	220	0
295	6	1
1420	26	1
1948	110	0
503	270	0
66	139	0
156	165	1
723	55	0
994	72	1
463	77	1
1511	138	1
603	34	1
471	70	0
706	21	0
1240	91	1
301	6	1
1412	164	0
1234	178	0
103	218	1
369	138	1
77	253	0
1488	92	0
108	217	0
869	50	1
2321	101	0
71	50	1
957	164	0
754	77	0
860	50	1
622	224	0
1380	1	0
58	36	1
114	127	0
1572	227	1
1659	218	1
1829	207	1
2218	265	1
2090	57	0
1557	138	1
1822	42	0
582	142	1
50	91	1
1974	252	0
318	41	0
2165	244	1
789	58	0
560	173	0
375	24	1
517	76	0
1907	218	1
1492	136	1
810	226	0
110	6	1
1238	228	0
1417	114	0
1238	91	1
2224	267	1
623	90	0
325	138	1
740	61	1
1457	110	0
656	171	0
560	174	1
1931	215	0
1354	191	0
498	34	1
627	94	1
561	34	1
787	257	0
1605	298	0
30	7	1
1270	132	0
1375	26	1
945	216	0
1384	216	0
1449	246	0
1745	43	0
1410	36	0
45	34	1
966	64	1
594	50	0
871	233	0
1492	172	1
814	98	0
877	50	1
785	34	1
2104	165	1
639	179	0
2305	87	0
2157	19	0
647	48	1
50	86	1
2022	95	0
634	138	1
217	191	0
257	0	0
149	50	1
1041	77	1
1383	184	0
1044	77	1
648	34	1
1015	193	0
905	188	0
122	288	0
2316	123	0
1134	234	0
2319	183	0
2175	228	0
2074	168	0
1219	288	1
838	208	0
300	127	0
379	177	0
2016	64	0
1326	94	1
309	6	1
803	174	1
252	271	0
2328	267	0
1942	220	1
2074	165	1
1100	77	1
1135	259	1
69	53	0
853	228	0
1975	142	1
21	45	1
876	72	1
1938	128	0
610	34	1
1538	138	1
75	14	0
534	129	0
2201	253	1
108	50	1
2186	245	1
970	266	0
252	104	0
1940	220	1
5	3	1
894	134	1
770	145	0
504	48	1
1122	152	0
2062	228	1
2165	166	0
592	218	1
189	87	0
2277	128	0
105	101	0
2154	254	0
837	235	0
458	48	0
1755	286	0
2170	244	1
532	128	0
1737	195	0
1667	210	1
434	40	1
1781	86	1
520	3	0
2163	194	0
611	191	0
671	111	1
745	261	0
1840	212	0
1341	178	0
1683	154	0
1874	287	0
928	26	0
807	76	1
1787	38	0
1196	218	0
719	50	1
2021	226	1
155	88	0
483	50	1
478	283	0
694	297	0
68	48	1
368	22	1
338	6	1
1762	184	1
566	61	1
291	256	0
1585	41	0
32	284	1
1694	206	1
864	77	1
2178	252	0
406	53	1
867	142	1
973	2	0
2203	253	1
1717	270	0
483	48	1
1133	280	1
956	144	0
2159	79	0
1280	109	1
2300	297	0
1643	49	0
689	45	1
960	64	1
2294	192	0
638	227	1
676	226	1
2154	166	0
371	141	0
1044	20	0
1430	62	0
1739	132	0
1773	70	0
2116	235	1
66	244	1
1654	206	0
1479	134	1
140	19	1
345	6	1
20	34	1
329	91	1
1170	90	1
413	31	1
1572	90	0
1717	174	1
449	40	1
1088	116	0
1298	230	0
2113	77	0
1904	218	1
103	142	1
1202	43	0
140	192	0
2330	206	0
116	84	0
1680	38	0
1898	250	0
2050	114	0
426	147	0
871	50	1
1639	275	0
332	288	1
1216	116	1
267	6	1
812	50	1
1285	34	0
1672	169	1
2043	156	0
1161	88	1
2114	234	1
32	165	1
1909	218	1
1506	102	0
1888	119	0
438	50	1
2041	227	1
1637	296	0
1698	218	1
706	158	0
2215	249	0
1422	239	0
1092	77	1
1476	134	1
783	50	1
499	41	0
691	243	0
892	53	1
1338	221	0
907	109	0
785	188	0
844	132	1
1227	91	1
127	174	1
753	48	1
1310	162	0
720	146	0
2312	25	0
1304	139	1
1412	252	0
1807	195	1
955	20	0
1772	86	1
1984	141	0
1403	218	1
436	50	1
156	288	1
1774	86	1
1426	285	0
416	196	0
828	218	1
703	50	1
714	239	0
1779	86	1
285	32	0
1861	118	0
118	141	0
1075	168	0
1745	174	1
252	26	0
2161	14	0
1360	155	0
1765	198	0
286	199	1
235	297	0
209	54	0
1673	169	1
47	40	1
115	152	0
1931	19	0
1145	182	0
225	59	0
726	287	0
207	276	0
1187	189	0
1592	12	0
1213	220	1
1320	4	0
166	145	1
637	111	0
439	15	0
1127	256	0
1536	160	0
109	244	1
1362	38	0
128	69	1
877	174	1
2037	227	1
263	165	1
1243	43	0
661	34	1
648	48	1
2211	258	1
2258	104	0
35	201	0
367	132	1
220	6	1
318	8	1
2139	296	0
488	174	0
286	6	1
460	30	0
95	91	0
580	60	0
95	106	0
1232	104	0
527	34	1
678	76	1
881	69	0
794	267	0
665	212	0
2090	165	1
607	105	1
372	43	0
564	90	0
2029	55	0
479	185	0
105	76	0
670	116	0
109	84	0
1663	248	0
1276	105	1
1571	49	0
1510	138	1
2026	37	0
47	76	1
95	165	1
873	168	0
231	6	1
441	286	0
320	145	1
1691	113	0
276	194	0
2078	157	0
498	44	0
172	6	1
978	96	0
2316	63	0
138	6	1
2100	165	1
1680	110	0
37	289	0
991	280	1
277	220	0
845	19	0
87	290	0
888	53	1
1749	178	1
871	19	0
1027	77	1
664	48	1
1966	140	0
1181	91	1
446	174	1
2025	226	1
1053	77	1
45	59	0
1371	156	0
181	76	1
1920	218	1
1990	33	0
922	39	0
1205	115	0
394	180	0
2242	273	1
1601	230	1
977	205	0
494	57	0
2178	244	1
2229	159	0
922	53	1
250	243	1
881	76	1
859	218	1
599	288	0
1883	192	0
846	61	1
575	48	1
1821	201	1
1176	90	1
2138	46	0
835	142	1
57	19	1
156	194	1
1323	94	1
1558	263	0
82	50	1
1743	225	0
832	77	1
672	127	1
1029	142	1
842	50	1
2224	70	0
1004	136	0
1381	140	0
1309	192	0
404	28	1
177	113	1
320	226	1
407	271	0
586	262	0
2134	269	0
1558	138	1
872	294	0
700	48	1
1224	91	1
1588	145	1
479	48	1
1307	114	1
1097	55	0
156	8	1
858	76	1
437	175	1
1741	239	0
735	45	1
2134	18	0
924	56	0
1672	195	0
480	34	1
276	49	0
1121	195	0
1259	9	0
2059	227	1
925	251	0
685	50	1
1759	206	1
626	34	1
48	5	1
1909	177	0
68	234	0
2020	226	1
1195	220	1
153	233	0
180	243	1
751	48	1
338	99	0
95	49	1
2276	197	0
723	130	0
148	248	0
964	84	0
1251	32	0
1609	189	0
1137	98	0
551	99	0
431	132	1
499	195	0
186	6	1
961	21	0
1471	128	0
387	258	0
1249	113	0
2216	18	0
987	66	1
1371	26	1
1124	218	1
579	34	1
1338	259	0
805	197	0
1383	12	0
2073	112	0
466	174	1
1167	130	0
2059	144	0
862	110	1
1405	26	1
592	34	1
604	34	1
1622	129	0
670	34	1
952	280	0
1471	116	1
27	5	1
841	297	0
689	48	1
1074	77	1
1931	47	0
134	53	1
1649	288	1
665	34	1
715	34	1
668	55	0
231	90	0
470	50	1
310	76	0
47	102	1
39	64	1
1482	24	0
1163	88	1
971	66	1
1363	120	0
344	6	1
1927	94	0
276	262	0
1759	182	1
1916	218	1
70	94	0
1248	134	0
1579	71	1
2186	134	0
449	261	0
513	74	1
2092	165	1
2218	298	0
61	194	0
84	7	1
1042	275	0
466	94	1
2202	253	1
1215	194	1
1905	225	1
194	73	0
1727	7	0
47	48	1
1884	211	1
559	197	0
2231	148	0
447	73	0
2164	246	0
665	163	0
2328	298	1
1171	90	1
1389	26	1
2309	202	0
459	142	1
1152	170	0
1971	142	1
2161	63	0
1260	223	0
2287	236	0
95	34	1
841	142	1
645	34	1
868	162	0
612	154	0
1566	86	1
944	297	0
381	25	1
1136	82	1
2122	157	0
1929	131	0
802	166	0
1836	211	1
1752	264	0
406	191	0
667	249	0
2007	77	0
1719	174	1
951	61	1
645	45	1
1020	139	1
998	77	1
322	230	0
314	53	1
1074	72	0
730	272	0
1176	288	0
1349	94	1
613	105	1
1109	43	0
706	222	0
1451	272	0
104	7	1
715	139	1
60	5	0
736	45	0
1829	47	0
1317	143	0
1303	119	0
1458	3	0
2048	143	0
1386	56	0
1973	179	0
1002	72	1
2177	244	1
467	34	1
1152	135	0
1634	112	0
787	48	1
50	226	1
496	78	0
1550	138	1
276	55	0
1599	131	0
466	77	1
1254	207	0
1215	128	0
1026	77	1
1525	71	0
2191	42	0
1471	81	0
480	50	1
1258	257	0
1618	116	1
1126	218	1
834	142	1
1106	139	0
2070	29	0
1285	110	1
2198	251	1
214	6	1
1354	164	0
598	142	1
745	256	0
285	229	0
140	16	0
1975	253	0
139	91	0
1758	142	0
166	6	1
59	128	1
540	34	1
28	269	0
2069	165	1
86	50	1
950	198	0
246	40	0
120	218	1
65	244	1
1016	75	1
1614	50	0
1371	259	0
547	50	1
10	288	0
2131	260	0
1392	26	1
95	98	0
401	298	0
1173	282	0
168	6	1
124	206	0
1004	258	0
767	33	0
1216	47	0
1419	26	1
1480	213	0
327	129	0
2269	44	1
1359	131	0
707	241	0
1973	142	1
156	95	0
465	60	0
885	53	1
2008	154	0
325	113	0
1391	150	0
1997	226	0
801	108	1
480	293	0
2264	279	1
876	136	0
36	74	0
865	1	0
1365	267	0
1443	241	0
104	77	1
40	141	0
2083	46	0
2210	258	1
291	280	0
2303	288	1
1212	221	0
1329	94	1
565	282	0
709	34	1
14	34	1
33	61	1
1829	82	0
881	188	0
1920	131	0
149	61	1
2245	22	0
409	157	0
2204	148	0
142	25	0
698	212	0
2311	288	1
839	174	1
1271	9	0
1248	237	0
963	130	0
2321	33	0
1133	234	0
1811	198	1
1410	26	1
632	34	1
640	87	0
1296	181	0
1881	10	0
667	149	0
902	53	1
850	236	0
1229	91	1
2012	140	0
655	34	1
643	174	1
1459	289	0
531	34	1
211	239	1
222	46	0
104	205	0
1099	77	1
1280	209	0
1486	223	0
2079	158	0
58	138	1
299	64	0
2086	4	0
1760	123	0
1141	261	0
419	50	1
571	84	0
912	53	1
2188	92	0
1150	68	0
1788	86	1
1194	91	1
977	66	1
1578	71	1
1007	268	0
668	76	0
851	197	0
373	139	0
1202	256	0
990	81	1
623	29	0
1790	86	1
451	40	1
14	169	1
976	66	1
571	49	1
844	131	0
115	290	0
1852	9	0
2147	19	0
488	64	0
748	48	1
109	50	1
1968	51	0
2096	165	1
2015	226	1
65	40	1
2212	260	1
833	216	0
620	221	0
62	244	1
135	216	0
814	50	1
1353	125	0
218	127	0
880	174	1
1188	273	0
555	34	1
314	288	1
178	243	1
1480	286	0
1500	138	1
1247	156	0
1744	174	1
1121	145	0
456	170	0
523	34	1
1167	21	0
1839	211	1
940	58	1
1082	178	0
530	110	1
1698	173	1
1094	292	0
739	49	1
361	262	0
320	225	1
1376	26	1
479	34	1
477	34	1
2147	73	0
1306	183	0
241	6	1
892	161	0
325	75	1
717	174	1
1176	177	0
1159	87	0
1056	159	0
1523	148	0
1570	154	0
329	165	1
449	227	1
8	245	1
2187	182	0
2007	213	0
1430	299	0
809	82	0
755	239	0
1165	46	0
900	133	1
2098	165	1
549	50	1
1829	95	0
1345	157	1
1063	77	1
703	84	0
1713	156	0
572	149	0
1267	162	0
432	38	1
104	27	1
195	6	1
2201	267	1
135	230	0
20	286	1
500	48	1
583	34	1
1284	176	0
1553	138	1
119	10	1
817	94	0
250	53	0
1828	149	0
415	219	0
512	44	0
1051	44	0
1491	135	1
279	28	0
1039	98	0
1691	25	0
1852	104	0
1497	246	0
1483	206	1
698	54	0
774	48	1
996	210	1
516	167	0
97	26	1
596	218	0
2325	297	1
797	218	1
2244	259	0
708	50	1
412	291	0
29	232	0
794	49	1
634	48	1
207	6	1
2330	282	0
1548	208	0
1726	174	1
1664	187	0
1093	183	0
320	159	1
1438	231	0
967	64	1
1293	254	0
610	197	0
1469	134	1
289	6	1
450	115	0
1273	105	1
2011	219	0
1449	78	0
703	48	1
627	61	1
473	105	1
1896	2	0
1161	116	1
327	220	1
1210	264	0
2291	288	1
448	40	1
263	280	1
70	50	1
679	191	0
2129	244	1
920	88	1
557	6	0
1110	77	1
1076	176	0
1254	192	1
609	34	1
1648	87	0
1450	132	1
954	219	1
821	159	0
95	185	0
196	47	0
1919	57	0
1332	94	1
1935	220	1
1784	67	0
2012	287	0
1746	177	1
185	6	1
1254	97	1
1373	297	0
2046	227	1
587	90	0
1929	220	1
31	212	0
830	113	0
925	138	1
552	219	0
822	218	1
868	76	1
303	266	0
110	165	1
197	63	0
2216	208	0
32	108	1
852	159	1
397	129	0
1076	77	1
1184	165	0
1438	127	1
1032	77	1
165	221	0
1484	25	0
9	245	1
1210	288	1
56	19	1
1561	138	1
928	53	1
11	69	0
1933	220	1
1527	138	1
328	6	1
1411	26	1
634	72	1
854	258	0
647	50	1
1452	132	1
970	149	0
1355	264	0
96	272	0
998	105	1
303	109	0
529	48	1
416	177	1
94	244	1
1424	65	0
598	34	1
1743	13	0
2058	180	0
614	34	1
1966	233	0
1270	105	1
1445	132	1
1892	65	0
158	53	1
1670	86	1
755	226	0
676	249	0
138	288	1
26	184	0
1913	276	0
407	91	1
409	207	0
818	132	1
390	0	0
740	85	0
1056	161	0
1148	252	0
1308	115	1
1270	117	0
1996	142	1
646	48	1
1302	296	0
1112	77	1
32	223	1
1870	211	1
608	34	1
595	230	0
1597	145	1
403	50	1
804	218	1
515	50	1
711	34	1
852	50	1
554	34	1
385	21	1
791	42	0
2225	267	1
139	219	0
695	116	0
530	34	1
13	4	1
357	93	0
1362	276	0
1713	174	1
1453	132	1
2185	201	0
234	6	1
903	116	1
1300	287	0
727	161	0
452	37	0
798	49	1
509	34	1
156	286	1
1105	77	1
794	48	1
483	76	1
367	33	0
772	138	0
1435	102	0
1178	289	0
2256	295	0
688	50	1
1467	119	0
32	64	1
1071	4	0
1885	191	0
721	44	1
1318	55	0
1300	111	1
1482	134	1
459	34	1
247	299	0
50	252	1
2055	227	1
817	37	0
1546	138	1
103	53	1
752	71	0
1473	134	1
1284	204	0
264	6	1
731	112	0
81	50	1
2145	244	1
107	7	1
2263	279	1
121	142	1
870	50	1
1641	151	1
1028	193	0
2155	244	1
2120	121	0
2264	52	0
1163	116	1
47	179	1
242	6	1
428	32	1
285	86	0
2189	243	1
875	244	1
2218	218	0
2013	7	0
166	218	1
387	27	1
1952	21	0
928	227	1
871	76	1
2043	58	0
1251	116	1
139	243	1
708	293	1
816	8	0
136	6	1
1889	16	0
371	2	1
946	61	1
838	142	1
57	123	1
83	34	1
53	254	0
2230	110	0
2068	119	0
32	211	1
1339	255	0
478	178	0
337	91	1
2323	297	1
1539	38	0
254	173	0
445	40	1
1116	268	0
920	53	1
1240	67	0
1764	186	1
243	65	0
797	49	1
2086	165	1
359	91	0
1480	116	1
2067	165	1
1925	220	1
1166	292	0
215	35	0
1083	207	1
1617	149	1
2126	37	0
1234	148	1
558	34	1
861	77	1
209	99	1
105	7	1
2100	205	0
2247	273	1
1383	26	1
710	174	1
1874	211	1
1364	132	0
1785	266	1
1020	26	1
165	256	0
2106	114	0
257	6	1
489	141	0
796	49	1
274	158	0
41	5	1
1834	291	0
2257	112	1
513	118	0
1417	26	1
1784	86	1
1916	122	0
1141	92	0
500	267	0
629	142	1
1272	142	1
2154	244	1
212	6	1
58	72	1
180	0	0
252	6	1
597	142	1
1204	288	1
726	273	0
1923	219	1
412	89	0
1909	283	0
688	225	0
32	185	1
564	126	0
66	138	1
434	34	1
1253	105	0
1731	86	0
1443	131	1
773	82	0
584	131	0
2044	44	0
48	41	0
2169	176	0
1914	112	0
1685	139	1
429	26	0
733	121	0
732	50	1
1503	199	0
833	81	0
1322	249	0
1869	256	0
453	76	1
132	16	1
50	266	1
621	105	1
1012	138	1
1475	134	1
1310	61	0
605	50	1
339	162	0
74	82	0
1912	179	0
2068	165	1
784	211	0
704	50	1
438	40	1
1378	244	1
848	163	0
512	18	0
2204	88	0
110	50	1
1311	175	0
160	34	1
168	145	1
45	5	1
367	22	1
2187	245	1
1026	174	1
1872	211	1
1579	254	0
1858	132	0
456	50	1
2244	154	0
744	48	1
1523	227	1
1989	53	0
2179	12	0
1981	99	0
320	214	0
181	226	0
296	18	0
1361	197	0
913	103	1
275	87	0
842	242	0
62	7	1
836	76	1
2226	200	0
1541	138	1
1061	37	0
684	197	0
136	257	1
1423	203	0
1629	41	0
974	88	0
1781	95	0
2273	263	0
1042	204	0
151	19	1
1137	215	0
1079	77	1
1622	183	0
1394	27	0
1086	45	0
1157	284	0
567	280	0
1677	242	0
1720	174	1
1203	170	0
1192	103	0
1193	233	0
321	254	1
1165	285	0
115	139	1
1357	126	1
1660	157	1
74	7	1
1256	72	0
1216	91	1
2081	99	0
2314	40	0
2066	6	0
107	226	1
2188	173	0
2254	286	0
1182	91	1
1420	55	0
808	28	0
47	32	1
1093	77	1
1128	183	0
815	244	1
2232	257	0
2086	13	0
1865	211	1
1456	132	1
1490	42	0
1908	119	0
152	294	0
1583	161	0
1312	152	0
1120	77	1
899	48	0
1070	88	0
2226	168	0
120	11	1
2283	286	1
992	138	1
1873	25	0
1259	62	0
1798	62	0
2213	261	1
1955	28	0
85	6	0
781	98	0
103	128	1
290	232	0
515	77	1
116	286	1
136	243	1
1166	116	1
906	53	1
1528	138	1
1351	94	1
580	50	1
47	118	1
556	50	1
249	243	1
1789	86	1
954	77	1
679	100	0
251	196	0
807	62	0
1740	226	1
1088	84	0
181	52	0
58	26	1
482	1	0
158	165	1
2308	209	0
41	281	1
609	263	0
1553	49	0
1717	130	0
901	132	0
723	28	0
1097	77	1
874	261	0
722	244	1
1418	0	0
97	50	1
588	257	0
1261	215	0
2106	20	0
1539	109	0
1380	26	1
823	218	1
981	66	1
70	280	0
1500	184	0
1655	124	0
621	218	1
537	212	0
1400	26	1
78	7	1
530	197	0
18	5	1
1687	19	0
2246	209	0
325	104	0
1478	116	1
2026	226	1
1929	156	0
236	6	1
1591	48	0
1316	286	0
2183	298	0
1657	181	0
544	216	0
1913	218	1
1657	254	0
158	122	0
1978	33	0
1585	145	1
1550	255	0
635	211	1
507	34	1
805	50	1
1295	198	0
815	165	1
88	185	0
2240	182	0
431	221	1
312	6	1
1235	152	0
189	6	1
2189	238	0
1381	26	1
729	252	0
593	81	0
416	179	1
502	119	1
1828	206	1
1863	211	1
88	34	1
1228	146	0
1803	210	0
50	105	1
113	50	1
103	226	1
162	165	1
1194	54	0
517	48	1
1027	142	1
59	61	1
1116	65	0
724	245	0
1834	59	0
1328	94	1
440	40	1
1364	26	1
1349	128	1
835	244	1
9	145	1
872	220	0
107	146	0
1124	142	1
57	175	0
149	89	0
783	244	1
1854	140	0
280	77	1
400	28	1
415	179	0
1311	24	0
795	288	0
1375	130	0
1006	76	1
927	53	1
825	61	1
1293	109	1
640	227	1
1699	73	0
1624	254	0
874	159	0
103	278	1
48	76	1
2246	273	1
179	165	1
1143	136	1
685	48	1
2301	168	0
1777	86	1
2286	67	0
643	242	0
50	243	0
1235	262	0
130	14	1
1663	159	1
1264	102	1
181	98	0
2085	165	1
1146	112	0
1715	254	0
59	226	1
368	86	1
1053	128	0
2108	165	1
1900	218	1
976	228	0
1268	105	1
2264	70	0
31	252	1
1006	292	0
1549	89	0
719	234	0
2188	30	0
786	271	0
1294	109	1
514	34	1
60	7	1
1532	138	1
281	262	0
582	72	1
145	112	0
376	24	1
2027	227	1
559	158	0
800	138	1
972	291	0
720	107	0
1997	142	1
677	34	1
152	280	0
2242	274	1
1985	142	1
1352	94	1
978	99	0
688	48	1
556	126	0
634	227	1
1226	138	0
476	50	1
411	53	1
1485	135	1
178	6	1
571	63	0
2321	195	0
2140	244	1
1639	150	1
1430	230	0
1764	233	0
706	155	0
123	11	1
643	34	1
1263	102	1
2231	270	1
436	174	1
1851	201	0
422	34	1
1356	104	0
1987	111	0
110	48	1
1664	279	0
319	231	0
1756	290	1
1231	214	0
1621	116	1
1482	221	0
1525	218	1
1357	159	0
1784	45	0
1325	94	1
810	50	1
1076	245	0
1382	26	1
1936	135	0
563	173	1
43	5	1
1489	135	1
1400	237	0
1939	220	1
1471	296	0
839	86	1
785	48	1
974	152	0
1495	138	1
1151	88	1
1936	183	0
115	286	1
74	226	1
374	24	1
494	117	0
2082	165	1
2192	139	0
823	142	1
470	39	0
1760	182	1
1172	90	1
76	135	0
542	295	0
106	226	1
626	142	0
2139	203	0
1758	196	0
826	244	0
577	34	1
1840	211	1
1008	76	1
1293	202	0
86	7	1
572	34	1
1455	132	1
148	19	1
103	34	1
791	251	0
1678	106	0
886	53	1
1067	77	1
20	288	1
681	34	1
60	186	0
1901	176	0
1927	268	0
1637	171	0
2238	124	0
1036	77	1
32	267	1
494	48	1
912	33	0
103	165	1
48	132	1
48	193	0
1037	77	1
441	213	0
1132	143	0
1792	86	1
1891	167	0
2324	297	1
1289	110	1
2307	3	0
494	34	1
1869	17	0
85	50	1
2180	244	1
1647	172	0
1169	151	0
1134	80	1
2216	39	0
908	9	0
1311	105	0
249	215	1
313	150	0
1612	55	0
902	88	1
1827	200	0
9	34	1
1177	91	1
1682	61	0
1345	128	1
621	34	1
602	34	1
2052	227	1
1121	218	1
60	70	0
465	110	1
380	29	0
2195	58	0
1057	132	1
750	282	0
1378	138	1
910	176	1
77	110	0
855	50	1
1061	174	1
1626	13	0
2281	243	0
116	232	0
961	122	0
463	244	1
92	50	1
787	174	0
842	139	0
579	230	0
1746	164	0
2176	99	0
596	34	1
80	209	0
1804	235	0
2214	263	1
2120	65	0
84	244	1
2134	244	1
955	53	0
884	68	0
444	34	1
1179	91	1
1158	93	0
346	6	1
600	163	0
878	76	1
1243	93	1
1433	261	0
723	174	0
494	139	0
796	50	1
320	222	1
844	94	1
2115	225	0
634	109	1
593	282	0
680	34	1
190	67	0
1258	99	1
1967	24	0
1752	178	1
1332	53	0
993	72	1
47	138	1
58	34	1
1856	211	1
1754	188	0
144	116	0
128	19	1
882	15	0
1026	142	1
973	66	1
127	139	1
2118	263	0
2034	55	0
68	121	0
1533	138	1
406	134	1
266	97	0
1045	77	1
263	264	0
837	19	0
1640	36	0
1794	176	0
611	218	1
1823	276	0
692	127	0
890	53	1
1648	156	1
21	246	1
1082	77	1
284	15	0
700	297	0
1208	157	0
2048	155	0
75	156	0
1118	77	1
614	105	1
671	51	0
473	120	0
1349	18	0
110	221	1
554	48	1
1950	220	1
457	34	1
1135	82	1
2295	288	1
438	244	1
1221	36	0
1898	218	1
851	285	1
530	138	1
121	50	1
942	59	1
80	65	0
1712	13	0
109	34	1
669	34	1
1704	38	0
1896	3	0
464	34	1
1888	124	0
103	178	1
1919	164	0
1632	267	1
1432	270	0
434	283	0
217	6	1
516	34	1
556	77	1
568	189	0
1493	137	1
2125	170	0
29	5	1
506	189	0
2098	208	0
625	71	0
1716	21	0
2155	130	0
176	34	1
1592	259	0
250	289	0
32	159	1
154	24	0
154	19	1
1207	91	1
1242	91	1
475	34	1
1274	218	1
659	34	1
511	173	1
1725	174	1
824	44	0
1277	42	0
1290	110	1
1406	26	1
587	248	0
1304	191	0
1222	222	0
816	61	1
634	86	1
896	7	0
676	244	1
902	224	0
699	34	1
846	50	1
124	11	1
1416	26	1
246	17	0
1979	142	1
2261	127	0
705	34	1
1085	10	0
672	111	1
1650	38	0
791	294	0
63	7	1
1479	116	1
367	142	1
243	109	0
732	185	1
1083	202	0
827	137	0
2015	196	0
2305	288	1
1961	106	0
373	202	0
105	10	0
1366	26	1
1683	139	1
517	25	0
937	200	0
397	293	0
1817	83	0
142	6	1
47	86	1
1346	60	0
2324	52	0
1644	153	1
714	11	1
676	173	1
279	6	1
1437	249	0
1286	61	0
1859	96	0
1236	91	1
2073	28	0
2063	228	1
595	72	1
360	68	0
1007	110	1
2310	288	1
1080	77	1
1019	138	1
2221	111	0
1930	45	0
1412	145	0
1273	241	0
1239	91	1
170	275	0
934	57	1
1138	83	1
1027	105	1
659	269	0
886	88	1
1765	55	0
2072	49	0
1801	194	1
2155	215	0
504	42	0
2287	179	0
1937	220	1
1417	101	0
981	100	0
501	50	1
1709	60	0
1461	9	0
33	108	1
863	50	1
580	48	1
900	53	1
217	174	0
1407	26	1
2002	110	0
1126	105	1
1666	210	1
1397	26	1
1566	244	1
2172	244	1
395	240	0
832	88	0
729	153	0
2167	244	1
816	50	1
83	138	1
548	34	1
582	174	1
727	44	1
818	50	1
664	230	0
1916	171	0
1099	194	0
472	138	0
28	5	1
115	9	1
60	244	1
483	226	0
531	231	0
416	186	0
2237	235	0
478	56	0
1350	251	0
1951	220	0
786	48	1
2035	227	1
134	123	1
1436	128	1
1461	126	0
147	19	1
811	50	1
1508	262	0
652	34	1
925	250	0
45	124	1
1613	22	0
1273	234	0
1622	151	0
1577	2	0
330	6	1
1387	26	1
43	164	0
1797	191	1
50	109	1
1110	112	0
641	132	1
192	198	0
135	82	0
322	156	0
996	85	0
942	286	0
643	13	0
104	34	1
1490	16	0
104	99	1
320	134	1
2101	142	0
1580	144	1
1609	211	0
52	5	1
1626	116	1
418	112	1
130	58	0
983	66	1
1929	91	0
1231	222	0
1442	212	0
32	138	1
1205	91	1
485	59	0
641	227	1
302	166	0
528	48	1
397	76	1
2148	212	0
1324	94	1
1861	211	1
775	38	0
643	150	0
306	252	0
2330	298	1
1468	54	0
2147	244	1
639	132	1
2274	194	0
177	257	1
1812	198	1
1428	12	0
1905	218	1
2093	85	0
2002	225	1
1384	179	0
884	88	1
1759	278	0
153	19	1
1580	296	0
2042	51	0
1548	18	0
30	26	1
1992	116	0
2076	8	0
323	6	1
2298	288	1
264	48	0
2253	274	1
2157	214	0
1358	26	1
1990	13	0
1570	34	1
1209	159	0
1553	281	0
498	48	1
50	157	1
2119	152	0
1206	111	0
634	223	1
911	134	1
77	50	1
402	28	1
246	77	0
732	286	1
1799	198	1
1960	223	1
2252	273	1
1437	129	1
682	273	0
944	142	1
1699	173	1
865	108	0
372	2	1
1242	288	1
0	0	1
2120	216	1
1731	291	0
47	207	1
72	167	0
78	50	1
204	6	1
1671	26	0
2301	288	1
2277	261	0
1494	152	0
730	45	1
417	179	1
40	205	0
1887	20	0
2155	293	0
1914	230	0
601	26	0
1020	75	1
1195	91	1
1159	95	0
581	297	0
1938	220	1
16	5	1
2250	273	1
614	77	1
313	165	1
2237	273	1
800	48	1
1124	77	1
54	5	1
316	190	0
683	48	1
629	94	0
2302	279	0
802	108	1
1447	132	1
1724	106	0
1859	162	0
91	50	1
407	30	1
556	218	1
876	138	1
204	135	0
439	276	0
355	189	0
818	142	1
1075	119	0
160	165	1
575	127	0
570	168	0
8	218	1
138	165	1
645	48	1
521	34	1
1454	88	0
1591	299	0
1125	294	0
627	266	1
20	246	1
474	106	0
658	227	1
32	86	1
1602	202	0
1197	91	1
127	72	1
1646	159	0
1847	238	0
1786	86	1
502	77	1
1064	77	1
469	168	0
1851	211	1
133	191	0
465	59	0
201	165	1
972	55	0
392	299	0
1757	182	1
1671	164	0
701	118	0
403	108	1
1690	124	0
80	7	1
712	34	1
624	170	0
91	7	1
856	50	1
722	44	1
1739	211	0
1556	0	0
1325	144	0
2038	87	0
1363	33	0
935	87	0
1125	77	1
720	44	1
1327	94	1
1368	26	1
2188	87	0
1659	87	0
1795	189	1
1123	33	0
1884	189	0
844	76	1
579	15	0
184	6	1
493	23	0
294	6	1
1707	174	1
442	31	0
1647	156	1
97	34	1
517	34	1
1122	61	0
884	53	1
30	292	0
1481	134	1
119	17	1
2126	157	0
1915	218	1
1017	82	0
67	88	1
1008	296	0
1285	109	1
2113	155	0
1966	223	0
2233	47	0
64	7	1
160	48	1
207	228	0
2164	132	0
45	218	0
1400	219	0
562	270	0
430	32	1
585	77	1
1042	68	0
1613	148	1
662	252	0
706	181	0
343	165	1
233	6	1
354	6	1
1057	254	1
978	66	1
1604	17	0
1424	225	0
1625	134	0
449	48	1
2255	62	0
804	50	1
380	25	1
2065	16	0
1312	118	1
1903	92	0
1326	215	0
2168	228	0
383	104	1
188	6	1
2194	156	0
2248	273	1
639	30	0
1630	116	1
1609	148	1
934	289	0
167	6	1
1808	107	0
516	48	1
2079	160	0
1704	39	0
472	214	0
10	57	0
494	275	0
454	273	0
50	58	1
680	48	1
671	34	1
1472	261	0
2244	273	1
207	281	0
2271	6	0
2056	227	1
88	7	1
1301	111	1
16	4	1
1310	59	0
222	6	1
1615	208	0
2218	145	0
307	139	0
1639	185	0
2298	94	0
886	142	0
1703	226	0
1241	276	0
1643	231	0
248	6	1
327	219	1
1236	176	0
2007	95	0
1682	226	1
1315	122	1
123	253	0
1473	289	0
425	128	0
425	36	1
2208	88	0
237	6	1
1435	276	0
1922	201	0
1497	139	1
2316	291	1
1575	247	0
770	151	0
120	104	0
1849	211	1
1292	109	1
1623	202	0
903	16	0
1443	218	0
1395	26	1
1634	218	0
238	165	1
1961	223	1
842	142	1
2306	286	0
317	108	0
32	7	1
1196	91	1
2282	84	0
883	52	1
2143	244	1
176	257	1
2113	183	0
17	4	1
1605	146	1
1628	116	1
2176	244	1
964	167	0
1975	17	0
16	183	0
809	251	0
53	5	1
476	34	1
133	33	0
1033	77	1
1116	121	0
1694	282	0
543	21	0
176	6	1
1175	90	1
575	2	0
1231	288	1
2034	63	0
2082	205	0
1481	184	0
1704	276	0
59	218	1
1790	118	0
150	19	1
375	230	0
2222	200	0
2288	158	0
1159	66	0
106	217	1
793	111	0
1504	138	1
2281	11	0
809	77	1
152	42	0
2193	186	0
710	58	0
1169	113	0
796	289	0
1627	116	1
390	204	0
32	139	1
2136	279	0
69	50	1
1414	38	0
561	72	1
935	58	1
932	244	1
929	191	0
36	60	0
2012	226	1
780	281	0
588	116	0
58	44	1
1602	141	0
8	50	1
828	50	1
40	248	0
862	50	1
1050	197	0
1634	288	0
130	116	0
159	165	1
404	266	0
128	165	1
101	256	0
634	34	1
20	6	1
342	6	1
1347	171	0
799	48	1
112	156	0
835	174	1
418	75	0
1656	274	1
586	34	1
1815	199	1
1975	143	0
361	6	1
1521	138	1
480	48	1
1238	62	0
829	218	1
1696	193	0
1654	276	0
1577	63	0
1340	94	1
686	18	0
974	232	0
331	174	0
597	292	0
697	34	1
953	174	1
1690	139	1
1432	291	0
1712	29	0
1893	226	1
854	76	1
914	53	1
1376	200	0
511	113	1
47	198	1
792	133	0
393	7	0
1024	245	0
1877	211	1
1264	133	0
200	6	1
601	34	1
1523	139	1
1033	86	1
1625	203	0
1994	127	0
1468	194	1
2208	257	1
318	145	1
417	32	1
534	204	0
1162	88	1
560	77	1
32	44	1
93	7	1
2007	257	0
518	34	1
61	50	1
1230	182	0
563	174	1
1791	86	1
2070	165	1
2083	296	0
239	165	1
2106	165	1
671	211	1
24	5	1
1963	54	0
2034	176	0
1414	173	0
1891	206	1
1291	110	1
2257	279	1
843	76	1
1231	231	0
535	34	1
1940	288	1
877	36	0
48	26	1
2117	236	0
8	4	1
2292	46	0
1664	210	1
206	6	1
1395	17	0
127	244	1
1774	31	0
176	185	0
156	243	1
495	258	0
705	48	1
1753	30	0
386	26	1
646	29	0
87	7	1
210	145	1
1739	174	1
825	168	0
434	138	1
1308	15	0
1343	94	1
537	278	0
1945	140	0
857	50	1
84	50	1
1370	62	0
1856	236	0
2296	190	0
2040	77	0
1087	245	0
2317	196	0
1391	30	0
575	244	0
446	50	1
1403	132	1
32	22	1
737	47	1
1415	26	1
78	191	0
2228	268	1
2079	46	0
1305	114	1
1017	75	1
1220	116	1
47	77	1
419	128	0
1093	34	0
59	65	0
286	0	0
702	144	0
282	290	0
441	40	1
1018	183	0
1642	151	1
873	218	1
1404	26	1
241	203	0
1499	223	0
908	53	1
932	287	0
871	218	1
2311	83	0
934	153	0
1441	130	1
126	178	1
105	40	1
1073	94	0
21	6	1
1372	86	0
267	255	0
239	125	0
1932	13	0
292	76	0
872	50	1
260	5	0
1319	139	1
103	241	0
1255	192	1
1237	287	0
94	7	1
974	66	1
32	244	1
726	259	0
205	6	1
1832	205	0
423	34	1
1765	186	1
1769	86	1
1679	79	0
2285	93	0
872	178	0
1581	145	1
859	191	0
1318	123	1
616	18	0
1962	120	0
437	77	1
1200	91	1
1695	224	0
753	247	0
1888	167	0
320	247	1
856	288	0
378	25	1
1094	266	0
1174	90	1
2060	253	1
507	42	0
329	6	1
1589	119	0
945	227	1
259	130	0
1486	292	0
131	47	1
959	294	0
1284	109	1
83	32	1
2125	123	0
119	58	0
2151	244	1
1778	217	1
1943	289	0
1924	248	0
1919	87	0
1552	86	0
1362	297	0
530	174	1
1893	218	1
0	159	0
2066	235	0
10	4	1
343	241	0
1605	147	1
284	255	0
689	211	0
683	50	1
1726	241	0
1241	94	0
2330	50	0
81	7	1
103	86	1
938	232	0
126	143	0
525	167	0
11	4	1
972	66	1
101	142	0
344	165	1
1619	239	0
2137	244	1
452	43	1
1965	102	0
1202	188	0
950	61	1
2134	158	0
178	165	1
1978	142	1
882	51	1
181	77	1
833	218	1
2000	281	0
1659	157	1
115	299	0
573	218	1
1616	149	1
2118	292	0
226	111	0
368	121	1
112	183	1
2064	230	1
1319	107	0
812	109	1
1030	105	1
284	166	0
606	34	1
1595	273	1
1606	63	0
300	6	1
2217	210	0
2042	227	1
863	168	0
1127	77	1
1662	279	0
2106	174	0
502	76	0
725	296	1
1544	16	0
1702	67	0
1483	125	0
1188	91	1
2157	71	0
1718	253	0
1322	94	1
2188	150	0
2239	273	1
2120	175	0
1359	26	1
1740	278	0
325	50	1
96	7	1
2047	227	1
2229	269	1
194	6	1
1212	91	1
280	49	1
111	264	0
1451	24	0
1388	86	0
1418	230	0
328	136	0
1920	237	0
607	233	0
1743	174	1
528	34	1
1717	87	0
634	142	1
1377	26	1
709	86	1
245	242	0
1739	138	0
1934	275	0
595	34	1
1451	132	1
1115	193	0
1769	59	0
2296	250	0
266	6	1
2277	238	0
443	268	0
1694	297	0
227	6	1
624	132	1
612	34	1
1654	274	1
571	30	0
127	93	1
743	80	0
571	132	1
1886	211	1
2099	165	1
796	77	1
605	34	1
539	48	1
73	184	0
434	244	1
1990	142	1
1488	62	0
234	45	0
1965	244	1
1752	40	0
406	135	0
1866	211	1
2028	38	0
666	171	0
2206	256	1
501	34	1
658	34	1
1540	198	0
419	23	0
1395	114	0
677	64	0
68	7	1
1643	151	1
634	50	1
1614	148	1
2085	62	0
585	57	0
1946	220	1
952	243	0
634	44	1
90	50	1
2183	115	0
230	127	0
263	56	1
1217	183	0
2222	135	0
878	226	0
1128	200	0
1435	127	1
1622	117	0
536	34	1
2296	288	1
160	49	1
1924	220	1
2022	16	0
127	79	1
929	64	0
25	6	0
1378	140	0
809	142	1
2137	210	0
895	64	0
445	34	1
1390	26	1
325	91	1
2234	271	1
31	58	1
693	19	0
922	70	0
58	226	1
1126	142	1
437	50	1
937	240	0
69	109	1
1115	77	1
398	28	1
1146	88	1
513	244	0
847	101	0
596	105	1
1932	220	1
291	6	1
1328	114	0
796	48	1
1407	197	0
1410	178	0
964	64	1
2067	254	0
985	94	1
741	232	0
958	142	0
1334	100	0
987	218	1
109	80	0
1298	69	0
231	118	0
1466	245	0
1599	238	1
98	244	1
2221	267	1
340	291	0
1939	124	0
1278	143	0
925	88	1
1998	235	0
1825	97	0
933	21	0
955	141	0
922	245	0
484	34	1
1926	220	1
428	285	1
164	258	0
2084	183	0
104	211	1
828	120	0
1469	268	0
1584	145	1
1763	84	0
996	72	1
1386	48	0
2279	174	0
1592	145	1
307	6	1
1694	130	0
728	133	0
724	149	0
1077	142	1
1540	299	0
1661	57	0
530	94	1
847	50	1
106	86	1
881	77	1
634	111	1
1711	270	0
1596	283	0
1274	105	1
1950	231	0
9	48	1
702	24	0
1395	133	0
227	101	0
9	26	1
438	76	1
1371	245	0
2259	112	1
1662	56	0
854	50	1
1519	283	0
64	244	1
740	143	0
142	142	0
535	223	1
1096	77	1
678	48	1
103	182	1
1085	286	0
2164	5	0
1820	200	1
1062	77	1
1505	138	1
870	81	0
788	64	0
1565	34	1
754	38	0
1728	108	1
1879	174	0
494	119	0
1874	226	1
836	50	1
1802	194	1
2108	242	0
904	53	1
1513	164	0
32	252	1
894	53	1
1280	12	0
967	227	1
94	44	1
210	197	1
1909	201	0
43	179	0
815	213	0
255	6	1
2000	7	0
754	197	0
429	52	0
666	34	1
639	34	1
2205	256	1
1174	298	0
1697	173	1
1587	263	0
531	39	0
733	185	1
466	17	0
1711	296	0
652	256	0
355	76	0
58	132	1
95	226	1
1945	288	1
1543	138	1
318	218	1
1676	169	1
213	30	0
732	285	1
99	50	1
564	34	1
1087	259	0
179	243	1
1526	138	1
1069	207	0
1474	134	1
1237	98	1
560	142	1
1486	22	0
675	174	1
1749	5	0
1136	88	1
553	37	0
1823	180	0
1676	238	0
1650	156	1
941	58	1
620	34	1
1477	20	0
2222	124	0
774	14	0
89	244	1
128	99	1
2018	226	1
2117	7	0
843	251	0
479	36	0
2105	165	1
1723	174	1
864	197	0
397	28	1
1705	174	1
1298	109	1
1012	212	0
809	124	1
407	133	1
2157	244	1
839	142	1
1212	232	0
2118	235	0
439	77	0
1290	105	0
372	129	0
1979	220	0
2306	288	1
782	272	0
2097	165	1
1197	36	0
555	261	0
732	91	1
127	219	1
1042	77	1
1082	199	0
47	132	1
36	150	0
1625	171	0
127	287	0
388	27	1
802	55	0
553	34	1
139	69	1
2304	288	1
428	183	1
611	162	0
1255	97	1
1215	188	0
1452	14	0
549	191	0
1057	119	0
124	189	0
1433	280	0
421	34	1
1100	286	0
50	132	1
185	287	1
351	6	1
408	30	1
707	142	1
1193	268	0
1433	72	0
511	77	1
2264	229	0
822	20	0
613	72	1
1146	137	0
1502	138	1
252	260	0
1461	157	0
1657	51	1
1907	141	0
2040	124	0
1055	48	0
2287	288	1
1177	130	0
2260	112	1
205	165	1
836	186	0
1451	113	0
95	6	1
1495	291	0
1355	182	0
1442	26	0
1759	273	1
1970	142	1
749	92	0
122	11	1
1001	287	0
369	191	1
223	288	0
2103	22	0
1580	174	0
1487	139	1
598	77	1
1993	142	1
589	215	0
1276	11	0
634	26	1
453	130	0
503	0	0
351	103	0
1342	7	0
507	22	0
288	249	0
1991	142	1
264	151	0
247	37	0
662	242	0
544	115	0
32	198	1
545	50	1
2067	4	0
1043	66	0
139	103	0
504	287	0
2056	141	0
59	142	1
436	244	1
923	215	0
731	264	0
1798	97	0
1235	268	0
1950	280	0
1863	228	0
707	48	1
584	107	0
2317	292	1
400	105	0
2258	112	1
1571	140	1
671	124	0
1776	176	0
827	298	0
599	131	0
53	92	0
1089	77	1
1689	253	0
565	34	1
879	50	1
936	234	0
708	142	1
1677	169	1
582	201	0
1394	156	0
926	45	0
379	25	1
105	155	1
1467	194	1
465	138	1
2126	243	1
1433	194	0
1109	61	0
1208	91	1
917	53	1
16	32	1
1661	100	0
1877	151	0
1734	271	0
978	288	1
1763	27	0
651	34	1
1980	142	1
278	6	1
1063	139	1
442	231	0
1493	206	0
435	174	1
651	172	0
613	34	1
287	257	0
1472	243	0
1300	152	0
870	2	0
2250	158	0
1533	178	0
569	34	1
2133	61	0
107	50	1
542	48	1
920	31	0
1234	169	0
550	55	0
1419	87	0
313	245	0
474	34	1
1096	173	0
2315	291	1
1693	92	0
870	39	0
1348	94	1
2271	44	1
2083	93	0
749	48	1
1819	146	1
1250	161	0
1574	142	1
1302	125	0
1816	116	0
638	246	0
7	3	1
832	76	1
116	139	1
56	6	1
206	18	0
51	178	0
752	48	1
38	186	0
2156	244	1
102	7	1
588	224	0
1260	9	0
1724	174	1
780	66	0
2277	123	0
844	174	1
1629	10	0
2163	244	1
256	79	0
112	50	1
1399	43	0
1838	211	1
388	190	0
1546	75	0
2033	71	0
1999	161	0
1328	72	0
623	36	0
885	225	1
1349	269	0
1031	278	0
649	34	1
1946	51	0
169	135	0
366	61	1
1234	276	0
1031	21	0
1767	187	1
1649	156	1
1509	80	0
685	243	0
1381	227	0
1501	92	0
646	10	0
47	213	1
1528	44	0
1050	94	0
1209	108	0
95	125	0
32	34	1
511	48	1
2183	245	1
2211	187	0
284	77	1
1256	290	0
1831	66	0
1007	208	1
2016	226	1
143	130	0
895	53	1
30	33	1
131	15	1
2127	249	0
1440	130	1
929	289	0
179	73	0
664	34	1
1171	145	1
1924	257	0
317	6	1
253	6	1
1652	156	1
31	73	1
1006	77	1
627	139	1
2216	265	1
135	123	1
811	174	1
542	50	1
1878	211	1
425	226	0
9	139	1
2232	101	0
1730	165	0
1304	114	1
633	152	0
1421	174	0
1171	259	0
816	266	0
2072	191	0
511	176	0
641	218	1
24	46	0
21	4	1
862	218	1
780	106	0
1295	109	1
550	48	1
293	6	1
1722	174	1
108	7	1
757	271	0
1175	271	0
1488	209	0
1011	75	1
424	49	1
46	245	1
98	50	1
1681	75	0
1634	116	1
905	53	1
459	48	1
2077	205	0
1403	138	1
2146	244	1
643	285	1
705	50	1
1410	206	0
2241	107	0
1062	0	0
1234	243	0
334	6	1
550	34	1
2001	92	0
995	97	0
1645	153	1
1677	244	1
588	30	0
51	5	1
2039	63	0
687	34	1
1152	128	0
71	45	1
1222	91	1
664	50	1
99	100	0
621	72	1
1773	48	0
1669	174	1
1080	72	0
1102	77	1
1914	218	1
588	177	0
2330	241	0
1297	109	1
167	116	0
38	5	1
396	28	1
666	212	0
488	34	1
1111	77	1
1384	26	1
1245	83	0
921	216	1
1472	139	0
722	129	0
104	139	1
921	153	0
728	262	0
1756	182	1
283	92	0
41	138	1
1296	109	1
1606	206	0
337	6	1
1425	53	0
1488	224	0
643	50	1
756	48	1
749	106	0
568	34	1
1529	138	1
1566	198	1
1681	159	0
423	61	1
1147	88	1
2142	282	0
1122	77	1
830	76	1
1091	77	1
1055	77	1
1259	221	0
1399	26	1
1225	91	1
327	91	1
71	226	1
2069	225	0
1316	123	1
449	34	1
459	50	1
138	194	1
1568	276	0
69	226	1
61	7	1
1573	142	1
2191	246	1
473	9	0
729	45	1
466	34	1
103	44	1
47	174	1
585	26	1
137	6	1
284	180	0
1159	116	1
1882	211	1
524	204	0
516	50	1
643	48	1
701	50	1
432	33	0
1869	211	1
304	16	0
2128	236	0
812	37	0
328	99	0
129	34	1
1779	179	0
1187	91	1
635	77	1
939	58	1
258	6	1
1046	8	0
108	244	1
1561	252	0
1429	11	1
1735	30	0
1768	217	1
1847	211	1
538	34	1
2013	226	1
1624	281	0
1631	116	1
1294	214	0
92	7	1
1282	60	0
865	30	0
360	6	1
1121	77	1
1905	144	0
1208	225	1
561	105	1
1186	221	0
2204	254	1
1757	290	1
924	53	1
2327	143	0
766	82	0
95	118	1
1459	132	1
457	86	1
2003	178	0
1659	3	0
1561	229	0
647	271	0
2057	227	1
1167	123	0
2242	245	0
1413	264	0
32	142	1
139	165	1
576	141	0
374	223	0
774	232	0
1	1	1
1131	236	0
1054	144	0
797	50	1
848	231	0
901	27	0
2005	218	0
749	295	1
304	6	1
1206	91	1
1753	157	0
791	48	1
1070	28	0
1965	142	1
2131	158	0
182	284	0
607	77	1
797	26	1
1943	201	0
615	39	0
1530	275	0
1169	47	0
1700	173	1
848	175	1
419	77	1
204	216	0
124	57	0
1897	299	0
1667	154	0
2134	140	0
184	291	0
989	67	1
2102	255	0
343	91	1
87	50	1
1184	69	0
1771	228	0
104	244	1
998	13	0
47	50	1
2004	169	0
65	50	1
1154	79	0
1409	31	0
333	5	0
190	6	1
1447	119	0
990	68	1
1969	142	1
2235	272	1
29	227	0
1343	264	0
591	34	1
103	217	1
541	50	1
378	210	0
189	227	1
505	34	1
404	32	0
772	48	1
1449	0	0
1954	192	0
529	58	0
2006	65	0
438	77	1
825	76	1
1331	94	1
745	48	1
915	53	1
2034	216	1
157	243	1
580	34	1
1832	120	0
1620	136	0
64	191	0
1053	237	0
327	6	1
1222	100	0
79	50	1
577	238	0
18	240	0
1377	231	0
113	145	1
2085	233	0
1375	168	0
1362	26	1
473	50	1
177	6	1
1070	77	1
186	30	0
1823	210	0
2190	243	1
258	274	0
1170	1	0
2288	33	0
1011	297	0
1187	13	0
2266	283	1
1128	77	1
2289	288	1
178	8	1
1854	211	1
1296	86	1
1936	142	0
2085	125	0
1992	142	1
818	66	0
1727	184	0
1628	159	0
1306	114	1
428	50	1
1545	138	1
1850	231	0
1526	26	0
1551	284	0
2062	205	0
653	34	1
781	48	1
2234	58	0
1154	103	0
1238	52	0
1807	210	0
539	50	1
634	132	1
1693	249	1
2026	152	0
877	26	1
1616	114	1
340	112	0
747	48	1
1351	77	0
1293	64	0
1041	56	0
181	165	1
1818	199	1
767	16	0
1876	211	1
1308	186	0
399	206	1
894	222	0
1078	77	1
1071	77	1
584	151	0
489	34	1
845	50	1
1781	209	0
526	200	0
102	208	0
1366	70	0
949	76	0
878	50	1
892	16	0
376	122	0
1388	26	1
418	57	0
1374	144	0
1299	210	0
1626	201	0
1837	279	0
622	34	1
58	7	1
515	48	1
228	6	1
894	175	0
407	116	1
85	7	1
73	7	1
2266	193	0
634	185	1
2220	275	0
898	53	1
385	225	0
87	142	1
466	110	1
170	288	1
976	131	0
754	144	0
1086	77	1
182	44	0
275	6	1
1396	217	0
409	230	0
1518	138	1
2293	257	0
2223	267	1
32	94	1
614	190	0
362	10	0
1635	116	1
1763	186	1
2100	58	0
1039	77	1
1915	273	0
363	182	1
1560	138	1
2253	155	0
54	214	0
515	34	1
1802	187	0
1584	133	0
2261	29	0
614	142	1
792	62	0
1718	205	0
2320	261	0
1915	141	0
1232	288	1
1000	236	0
405	283	0
946	213	0
904	287	0
2045	203	0
1515	138	1
975	66	1
997	72	1
187	6	1
111	138	1
1265	102	1
585	34	1
877	76	1
1620	116	1
1884	174	0
2175	244	1
754	48	1
787	49	1
423	250	0
2292	288	1
82	244	1
786	49	1
511	50	1
1858	146	0
925	53	1
1703	18	0
827	218	1
368	285	1
646	50	1
466	108	0
1984	142	1
128	243	1
2079	194	0
290	6	1
240	6	1
606	39	0
1726	183	0
795	238	0
1236	99	0
1633	69	0
2094	13	0
1688	139	1
83	107	0
343	6	1
301	163	0
1811	277	0
866	50	1
1032	242	1
662	34	1
1006	201	0
1013	75	1
882	17	0
1429	280	0
979	66	1
173	237	0
1219	183	0
808	96	0
423	207	1
1218	77	0
801	165	1
179	180	0
1470	116	1
700	50	1
69	88	1
1789	268	0
716	174	1
1136	138	1
1798	48	0
1235	91	1
984	66	1
135	288	1
119	223	0
930	119	0
1083	170	0
1868	211	1
177	213	0
95	70	0
156	123	1
1922	139	0
918	53	1
280	6	1
183	273	1
306	213	0
1547	233	0
1119	77	1
1292	222	0
59	9	1
2172	83	0
194	18	0
2036	227	1
535	48	1
1198	9	0
1090	77	1
2202	268	0
1520	267	0
2323	59	0
2209	48	0
865	76	1
2145	190	0
496	34	1
1200	51	0
1550	283	0
1680	123	0
345	8	1
456	34	1
1611	32	0
2252	9	0
1223	288	1
495	48	1
1829	223	0
1489	290	0
635	237	0
1809	158	0
504	50	1
121	3	0
1533	64	0
554	69	0
1265	31	0
468	218	1
241	10	0
770	112	0
1223	54	0
170	273	1
85	244	1
549	34	1
1639	207	1
2164	244	1
79	244	1
45	296	0
889	240	0
1849	259	0
2299	288	1
1050	77	1
407	288	1
806	50	1
25	277	0
403	66	1
682	34	1
337	197	0
1105	253	0
1498	139	1
178	288	1
1584	110	0
1902	275	0
1234	91	1
773	142	1
48	14	1
900	88	1
1605	134	0
1261	26	0
139	8	1
410	30	1
2123	61	0
814	7	0
10	92	0
424	48	1
1829	225	1
34	5	1
82	293	0
40	5	1
1128	142	1
950	288	0
30	11	1
488	199	0
1307	63	0
2141	244	1
20	11	1
582	25	0
1232	37	0
1861	273	0
1245	165	1
17	178	1
158	8	1
121	11	1
146	19	1
94	50	1
1219	274	0
1727	201	0
914	284	0
175	6	1
2216	53	0
652	60	0
32	220	1
94	32	0
1752	23	0
162	6	1
1954	132	1
2326	298	1
1166	150	0
1435	16	0
1526	68	0
576	34	1
149	95	0
1466	132	1
1526	160	0
2107	165	1
596	77	1
1691	139	1
625	218	1
3	94	0
697	178	0
59	73	1
1483	135	1
956	62	1
32	121	1
738	146	0
534	34	1
2203	31	0
1125	105	1
329	79	0
191	6	1
808	174	1
1841	289	0
626	48	1
1588	118	0
1383	185	0
1533	149	0
2102	165	1
180	7	0
1742	152	0
2049	137	0
1908	223	1
813	174	1
1018	226	1
835	251	0
962	205	0
1102	63	0
377	70	0
1405	166	0
1660	148	0
1169	99	0
374	122	1
83	175	1
574	245	0
572	76	1
461	34	1
701	48	1
521	48	1
1304	87	0
924	88	1
443	100	0
1663	153	0
1617	148	0
556	272	0
193	288	1
780	48	1
60	175	0
1094	77	1
852	107	0
1941	220	1
1344	184	1
1216	194	1
2280	44	1
750	48	1
535	95	0
638	218	1
880	50	1
440	261	0
72	50	1
33	142	1
1911	218	1
1674	169	1
966	51	0
938	284	0
33	288	1
512	34	1
1131	77	1
1446	224	0
1341	94	1
658	136	0
77	55	1
1893	139	0
1838	228	0
988	66	1
297	87	0
1340	47	0
2002	247	1
455	34	1
1438	211	1
520	230	0
691	9	0
510	94	1
1136	259	1
202	6	1
2045	227	1
63	17	0
1117	119	0
1483	129	0
1220	298	0
1470	134	1
1299	111	1
2109	165	1
2235	203	0
785	50	1
2	2	1
1856	193	0
280	15	0
732	288	1
1733	174	1
759	78	0
1426	26	1
1874	185	0
895	130	0
216	6	1
369	34	1
743	242	0
105	61	1
1689	79	0
319	127	0
1726	16	0
2312	280	0
1810	266	0
455	26	1
73	50	1
1691	57	0
164	6	1
628	34	1
367	121	1
2149	127	0
76	244	1
851	185	1
1687	139	1
19	4	1
1520	55	0
707	202	0
68	88	1
70	7	1
2219	265	1
694	142	0
849	50	1
47	7	1
645	50	1
1925	205	0
862	109	1
684	34	1
9	57	0
105	226	1
1887	211	1
852	120	0
2310	277	0
390	148	0
152	19	1
802	50	1
59	281	0
2093	266	0
93	95	0
264	182	1
801	139	1
829	50	1
1710	191	0
650	196	0
687	143	0
486	34	1
1393	26	1
476	1	0
1252	261	0
931	55	1
1354	125	1
9	77	1
1549	142	1
1476	116	1
1507	150	0
1778	86	1
793	49	1
318	6	1
495	50	1
1108	77	1
42	5	1
50	142	1
1685	162	0
174	88	0
1622	116	1
32	40	1
1501	252	0
692	34	1
1304	177	0
1	288	0
411	30	1
1595	145	1
8	244	1
1029	77	1
1124	80	0
762	48	1
953	58	1
210	277	1
434	248	0
1000	72	1
795	49	1
689	50	1
974	269	0
2149	63	0
1796	190	1
245	6	1
877	77	1
1575	143	1
547	104	0
795	202	0
181	50	1
398	138	1
1776	86	1
1321	94	1
1425	204	0
834	18	0
1902	73	0
1371	10	0
198	6	1
520	191	0
1001	220	0
559	24	0
358	6	1
1758	82	0
1568	34	1
2226	267	1
1616	18	0
1783	86	1
813	244	0
435	67	0
2132	244	1
671	127	1
1396	26	1
32	43	1
32	145	1
1028	52	0
1018	99	0
1569	34	1
1952	132	1
433	244	0
59	93	0
249	109	0
219	78	0
33	277	0
1562	29	0
1787	142	1
2058	97	0
256	6	1
2031	227	1
438	34	1
1241	70	0
1478	134	1
90	7	1
318	150	0
899	53	1
689	266	0
1987	142	1
1117	65	0
491	34	1
2088	165	1
210	165	1
611	258	0
516	251	0
32	177	1
358	44	1
39	187	0
1058	77	1
128	13	1
92	42	0
156	6	1
1463	132	1
1282	266	0
1486	278	0
1701	159	0
1506	227	1
729	249	0
103	49	1
1024	77	1
2076	165	1
1782	86	1
195	253	0
1876	138	0
1304	206	1
1418	26	1
1416	165	0
1509	138	1
58	94	0
5	237	0
1497	8	0
21	91	1
1723	88	0
2141	285	0
103	6	1
515	76	1
536	219	0
33	50	1
1220	148	1
218	274	0
181	5	0
428	138	1
1447	111	0
1778	212	0
267	84	0
1902	218	1
105	50	1
515	141	0
1056	77	1
629	190	0
566	166	0
955	111	0
2007	8	0
1337	27	0
1859	274	0
902	102	0
1607	290	0
848	50	1
246	164	0
539	25	0
1522	138	1
929	72	0
1233	91	1
578	56	0
57	13	1
32	132	1
1715	174	1
177	45	0
1754	178	1
802	218	1
1454	217	0
383	25	1
201	243	1
281	68	0
1210	91	1
703	285	0
12	4	1
404	205	0
1507	138	1
2028	227	1
1873	211	1
249	33	0
1418	170	0
1303	47	0
105	212	1
733	91	1
1319	174	1
58	244	1
686	48	1
2194	201	0
1809	88	0
33	44	0
1028	105	1
1216	282	1
958	183	1
2008	226	1
565	61	1
2038	18	0
1618	291	1
308	53	1
430	163	0
217	235	0
1068	77	1
2027	168	0
226	6	1
1069	6	0
2045	184	0
1285	277	0
511	34	1
549	197	0
2003	225	1
1066	77	1
2173	244	1
1360	116	0
1452	139	0
1041	18	0
334	284	0
893	53	1
1312	275	0
1182	206	1
37	5	1
1174	137	0
2103	260	1
1155	88	1
1937	280	0
556	108	1
207	32	0
1598	77	0
1639	220	0
1741	23	0
992	70	1
2160	244	1
668	115	0
1745	218	1
704	48	1
407	121	0
1203	91	1
1104	112	0
1544	138	1
740	48	1
482	43	0
649	279	0
820	50	1
1638	179	0
901	120	0
1730	213	0
430	64	1
404	138	0
818	10	0
1595	267	1
550	50	1
1148	113	0
1404	275	0
1145	88	1
97	244	1
849	218	1
801	138	1
1654	156	1
1028	296	0
50	7	1
1096	191	0
1027	174	1
1511	36	0
1193	91	1
1552	138	1
2178	185	0
876	50	1
2087	72	0
1679	169	1
1699	111	0
546	193	0
783	174	1
2153	244	1
754	14	0
1841	94	0
1057	198	1
673	48	1
1823	203	1
1737	294	0
676	61	1
472	50	1
262	6	1
1083	109	1
2194	93	0
704	83	0
1256	165	1
545	135	0
1395	6	0
345	52	0
844	172	1
887	53	1
122	275	0
814	149	0
80	50	1
1468	116	1
1499	138	1
1798	191	1
901	88	1
1363	58	0
2041	191	0
638	34	1
403	48	1
710	218	0
881	11	0
2261	287	0
1390	201	0
181	34	0
141	19	1
1068	163	0
1774	147	0
2261	203	0
1661	159	1
2276	44	1
1241	194	0
1030	77	1
790	49	1
211	6	1
1035	297	0
921	268	0
30	77	1
2053	195	0
1624	244	0
1875	73	0
945	61	1
121	262	0
202	183	0
127	40	1
442	110	0
2104	87	0
649	182	0
298	4	0
1486	139	1
30	62	1
1144	87	1
2280	81	0
2079	165	1
1967	142	1
1346	94	1
1389	291	0
270	227	0
128	123	1
111	48	1
1048	77	1
179	89	0
2217	265	1
629	34	1
1848	250	0
348	141	0
298	6	1
708	49	1
1542	174	1
2230	270	1
1032	97	0
96	48	1
2253	25	0
1981	142	1
453	289	1
136	19	1
795	237	1
1850	124	0
1486	135	1
13	178	1
1110	241	0
153	56	0
626	177	1
2327	177	0
1063	177	0
1525	246	0
1536	138	1
1432	280	0
731	141	0
929	216	0
2205	99	0
380	182	1
1837	211	1
466	138	1
359	6	1
363	6	1
56	50	0
136	165	1
435	178	1
325	287	1
634	106	1
819	174	1
1014	116	1
2166	25	0
878	8	0
1681	170	1
459	86	1
390	27	1
810	285	1
789	75	1
1708	174	1
1414	26	1
851	91	0
1296	231	0
1325	166	0
104	48	1
1046	77	1
903	53	1
673	150	1
1004	286	1
1322	276	0
1852	90	0
1993	246	0
546	34	1
629	177	0
318	50	1
708	138	1
2009	227	1
45	75	0
183	6	1
703	34	1
1033	142	1
368	159	1
1012	244	1
469	259	0
1536	158	0
66	34	1
106	50	1
1003	73	1
1817	199	1
918	80	0
389	186	0
493	48	1
773	299	1
20	96	0
1262	158	0
2314	277	0
1215	282	1
1768	86	1
77	157	1
950	164	0
116	9	1
1459	169	1
1595	218	1
332	6	1
1119	45	0
1752	68	0
1780	86	1
411	32	0
103	224	0
263	6	1
47	34	1
198	8	1
530	230	0
851	236	1
993	218	1
32	91	1
985	66	1
179	90	0
1612	148	1
2101	165	1
260	267	0
862	137	0
201	6	1
1267	103	1
72	183	0
240	47	0
2150	244	1
32	11	1
1556	138	1
2030	227	1
1591	145	1
599	77	1
688	145	0
1866	112	0
320	165	1
1201	229	0
1367	127	0
911	53	1
1611	148	1
728	18	0
156	65	0
76	7	1
936	267	1
2166	244	1
562	77	1
1956	132	1
370	23	1
26	5	1
285	63	0
127	76	1
1652	274	1
1638	125	0
32	50	1
722	45	1
522	113	0
1725	84	0
785	49	1
456	250	0
715	77	1
2011	226	1
2118	272	0
59	105	1
532	34	1
26	26	0
1625	116	1
559	34	1
894	63	0
1732	174	1
916	97	0
2014	226	1
1456	184	1
1646	58	1
2103	29	0
1328	119	0
1251	47	0
1742	174	1
827	50	1
1934	220	1
1147	25	0
1164	88	1
1525	138	1
522	151	0
605	165	1
1695	68	0
292	74	0
1700	245	0
1844	173	0
1709	230	0
2104	241	0
1317	298	0
567	224	0
159	45	0
155	165	1
1766	186	1
121	103	0
630	105	1
188	172	0
1028	77	1
1613	9	0
2167	75	0
1689	139	1
1345	155	0
41	42	1
1348	299	0
1055	208	1
887	85	0
224	6	1
1473	116	1
1633	116	1
1903	218	1
1948	196	0
204	85	0
1028	142	1
1704	76	0
1489	265	0
337	239	0
433	58	0
1728	55	0
396	241	0
1571	50	0
79	55	1
1221	288	1
1010	51	0
95	276	1
762	258	0
1569	211	0
1281	9	0
482	34	1
855	76	1
47	159	1
656	34	1
140	141	0
1822	201	1
1343	142	0
1633	117	0
114	165	1
2135	244	1
292	6	1
574	34	1
2053	42	0
808	50	1
358	37	0
1337	94	1
1244	93	1
1089	150	0
1886	77	0
126	12	1
269	6	1
109	7	1
1669	184	0
389	27	1
1487	135	1
2184	245	1
1427	11	1
1653	156	1
694	256	0
47	72	1
545	200	0
733	45	1
268	6	1
1593	238	0
1667	299	0
1266	64	0
189	274	0
1151	266	0
157	63	1
21	286	1
2217	76	0
1589	124	0
398	299	0
1215	91	1
470	48	1
1228	288	1
32	226	1
79	7	1
1699	193	0
373	24	1
2325	203	0
1771	86	1
352	6	1
281	100	0
676	132	1
222	79	0
526	50	1
1885	182	0
33	5	1
579	92	0
1013	162	0
704	34	1
1440	255	0
33	132	1
1104	90	0
1362	187	0
1751	178	1
2163	111	0
100	7	1
735	220	0
958	64	1
2185	245	1
2312	290	1
887	124	0
355	6	1
1646	57	0
824	236	0
889	288	1
1092	118	0
2293	11	0
548	48	1
20	4	1
1881	211	1
1600	206	0
1976	142	1
1799	205	0
161	165	1
554	72	1
1344	257	0
130	199	0
44	5	1
967	204	0
794	222	0
468	62	0
1322	153	0
103	91	1
384	26	1
210	6	1
1450	108	0
1205	176	0
2004	270	0
878	77	1
1804	78	0
2303	29	0
1665	160	1
1494	138	1
55	39	0
714	144	0
1678	22	0
1380	111	0
12	178	1
1799	193	1
413	98	0
1746	298	0
1485	112	0
254	6	1
89	50	1
544	142	1
142	19	1
177	34	1
573	213	0
736	154	0
1901	48	0
1023	75	1
1004	294	0
1122	105	1
2227	267	1
1554	241	0
86	249	0
442	210	0
2075	165	1
93	50	1
138	115	0
255	8	0
1198	91	1
2149	154	0
1399	223	0
1660	70	0
674	174	1
566	34	1
1448	231	0
2247	0	0
857	5	0
399	140	0
2127	244	1
88	50	1
215	108	0
1843	211	1
797	296	0
1047	113	0
1782	281	0
2125	241	1
502	145	0
487	34	1
2310	120	0
1142	283	0
47	164	1
763	48	1
1083	77	1
2091	165	1
687	86	1
1362	151	0
2267	44	1
2095	140	0
900	54	1
1774	80	0
1995	142	1
1675	169	1
1982	142	1
2307	288	1
149	34	1
446	298	0
887	194	1
926	227	1
1548	138	1
1154	88	1
1528	132	0
32	48	1
1416	229	0
568	22	0
628	28	0
944	273	0
2192	177	0
215	6	1
1387	66	0
991	24	0
1477	134	1
160	194	0
682	50	1
95	7	1
343	99	1
1957	223	1
428	159	1
69	28	1
2069	288	0
828	139	0
1596	264	0
1818	273	1
50	68	0
1617	278	0
531	57	0
1320	297	0
2224	276	0
160	142	1
1220	291	1
932	21	0
1736	174	1
280	138	1
1282	109	1
2262	112	1
1529	49	0
2275	255	0
1868	190	0
121	244	1
1007	76	1
823	43	0
1785	163	0
1902	274	0
638	45	0
1337	142	1
385	297	0
1792	114	0
1344	229	0
493	50	1
158	288	1
1835	250	0
89	7	1
306	6	1
1629	111	0
1141	42	0
2259	0	0
666	196	0
1047	77	1
110	14	0
436	138	1
534	112	0
1355	185	0
1564	10	0
1286	181	0
1223	91	1
0	59	0
1610	127	0
1536	13	0
1806	194	1
358	262	0
1999	152	1
553	218	0
1570	127	0
2083	9	0
1018	75	1
103	288	1
69	132	1
438	211	0
416	15	0
2169	137	0
128	8	1
1008	77	1
1252	123	0
395	218	0
586	123	0
660	107	0
574	265	0
874	218	1
755	48	1
589	92	0
577	104	0
104	138	1
908	269	0
1420	207	1
1714	174	1
673	50	1
47	44	1
1813	198	1
1779	218	0
1490	155	0
2007	208	0
2029	231	0
937	77	1
707	290	0
1435	160	0
32	76	1
1195	288	1
714	21	0
1471	257	0
1735	174	1
816	40	0
1795	63	0
972	243	0
594	190	0
428	137	0
1554	138	1
32	73	1
111	5	0
44	26	1
2270	44	1
959	279	0
582	34	1
1240	288	1
232	165	0
1719	32	0
831	50	1
369	50	1
2022	189	0
654	34	1
1798	190	0
311	9	0
2057	61	0
50	64	1
512	277	0
4	3	1
1626	161	0
1013	32	0
486	20	0
143	69	1
1800	194	1
1236	67	0
1710	289	0
463	34	1
1165	116	1
1415	198	0
831	142	1
1385	26	1
1412	38	0
680	50	1
1871	211	1
758	150	0
104	6	1
166	50	1
2182	244	1
2275	285	0
718	34	1
801	87	0
2297	115	0
1252	100	0
96	40	1
127	61	1
429	32	1
419	33	1
1370	26	1
903	88	1
1978	35	0
773	48	1
424	35	1
2169	262	0
1483	92	0
1104	73	0
1304	273	0
14	4	1
210	262	0
302	123	0
1812	287	0
1059	250	0
1143	172	1
813	50	1
1556	108	0
1964	244	1
619	278	0
1643	31	0
708	27	0
1239	111	0
1707	291	0
886	214	1
2066	165	1
32	266	1
1349	245	1
1149	36	0
1536	201	0
897	53	1
2239	90	0
173	38	0
1987	170	0
1028	174	1
1977	142	1
101	7	1
528	210	0
1686	16	0
1910	226	1
1461	150	0
1513	42	0
1694	114	1
248	256	0
638	132	1
434	174	1
75	7	1
1547	138	1
874	50	1
2259	86	0
1742	257	0
1418	106	0
1708	91	0
1338	94	1
30	15	0
611	227	1
20	241	0
101	226	1
1993	264	0
1634	152	0
1320	252	0
1718	125	0
919	235	0
1019	75	1
1240	34	0
693	34	1
2150	77	0
1688	78	0
671	48	1
2320	294	1
8	231	1
2138	244	1
2136	244	1
1317	123	1
2322	42	0
2050	112	0
2261	112	1
51	48	1
818	49	1
1281	207	0
484	226	0
2039	227	1
1602	145	1
734	58	0
1586	2	0
1945	235	0
135	165	1
1065	77	1
1920	105	0
1541	175	0
1406	71	0
241	59	0
735	157	0
564	162	0
817	11	0
129	171	0
545	48	1
733	286	1
1613	19	0
499	34	1
639	4	0
1837	253	0
1405	93	0
1596	145	1
1136	129	0
784	110	1
2124	48	0
1208	54	0
2174	247	0
1081	77	1
2084	165	1
1833	209	1
1700	198	0
1089	55	0
801	72	0
1736	60	0
1080	14	0
641	268	0
262	5	0
1587	145	1
1793	86	1
250	6	1
807	138	1
70	34	1
413	84	0
235	6	1
1007	132	1
919	53	1
1958	224	1
940	211	1
868	77	1
1283	109	1
744	299	0
1457	245	1
864	50	1
1502	227	0
1164	153	0
2131	244	1
962	64	1
875	273	0
688	34	1
465	141	0
776	48	1
541	34	1
1900	48	0
1356	125	1
2152	244	1
18	114	0
1283	264	0
973	254	1
850	50	1
641	108	0
593	34	1
613	218	1
1716	174	1
2274	61	0
1464	13	0
1531	218	1
109	55	1
1709	174	1
693	68	0
2200	253	1
497	232	0
651	298	0
16	256	0
468	94	1
621	142	1
11	228	0
896	113	0
513	218	1
1748	177	1
1262	178	1
2194	72	1
2130	244	1
131	211	1
171	119	0
794	230	0
165	6	1
969	195	0
627	34	1
127	12	1
83	7	1
1826	206	1
1770	86	1
1583	145	1
1401	277	0
2245	59	0
1311	115	1
1769	67	0
61	97	0
526	124	0
83	178	1
344	160	0
1450	221	0
2058	227	1
2123	211	0
320	6	1
1648	22	0
1647	255	0
594	174	1
1241	210	0
1540	19	0
1598	267	1
745	75	0
1496	138	1
802	165	1
407	29	0
456	48	1
274	276	0
91	48	1
1194	113	0
140	6	1
215	33	0
1191	91	1
1813	160	0
1921	218	1
998	72	1
743	48	1
2288	129	0
1030	278	0
1470	9	0
1606	241	0
1489	117	0
137	70	0
1658	51	1
995	72	1
708	48	1
1062	292	0
83	50	1
1035	77	1
476	105	1
444	40	1
387	178	0
1859	211	1
904	116	1
1262	101	1
1805	157	0
365	26	0
2168	244	1
594	34	1
2006	40	0
1063	82	0
1833	289	0
1272	179	0
803	50	1
328	28	1
1330	124	0
2247	23	0
789	217	0
1655	274	1
136	148	1
1373	293	0
2313	261	0
2147	194	0
1960	170	0
2305	118	0
265	51	0
563	129	0
23	4	1
2119	216	1
1158	88	1
1542	138	1
1058	198	1
45	279	0
799	49	1
278	254	0
285	6	1
318	34	1
170	189	0
390	125	0
113	105	0
1579	14	0
229	6	1
2013	283	0
1546	248	0
1876	181	0
206	123	0
643	138	1
170	91	1
6	3	1
1769	94	0
450	40	1
357	165	1
778	43	0
1519	138	1
1231	252	0
2312	181	0
1773	86	1
94	34	1
366	20	1
56	8	1
884	85	0
1443	211	0
1761	182	1
660	34	1
1184	91	1
578	34	1
2005	236	0
325	288	1
326	6	1
2254	274	1
1848	211	1
2223	45	0
598	163	0
2059	246	0
2033	227	1
60	50	1
1893	183	0
788	48	1
407	167	1
48	163	1
2020	89	0
383	181	0
400	79	1
123	279	0
2141	140	0
2096	87	0
1270	102	0
205	68	0
275	49	0
660	189	0
471	141	0
50	50	1
437	218	1
1674	64	0
1617	114	1
528	257	0
1493	271	0
2212	20	0
943	61	1
1019	132	1
1332	276	0
497	48	1
1633	285	0
177	50	1
875	227	1
369	22	1
2115	235	1
933	55	1
375	43	0
106	155	1
1010	76	1
424	56	0
1406	244	1
640	51	0
20	185	1
68	132	1
1690	148	0
1480	184	0
853	50	1
849	61	0
1108	98	0
464	100	0
1365	26	1
1710	174	1
1852	211	1
1310	115	1
291	119	0
1169	8	1
2102	277	0
1386	216	0
2074	142	0
1895	218	1
20	91	1
1258	199	1
843	77	1
2221	13	0
1562	138	1
182	6	1
336	6	1
505	160	0
329	182	1
864	76	1
816	140	0
61	17	0
1775	77	0
1881	127	0
1812	201	0
1579	108	0
45	50	1
1678	277	0
1610	148	1
1809	12	0
455	94	1
1632	279	0
1394	26	1
2103	160	0
771	177	0
1960	271	0
1611	121	0
483	10	0
595	174	1
2034	227	1
1245	93	1
542	34	1
1140	185	0
280	26	1
869	218	1
347	266	0
1796	48	0
1439	130	1
1316	176	0
1371	230	0
707	50	1
1642	247	0
1760	21	0
48	87	0
1284	110	1
403	34	1
1620	288	1
876	159	1
1150	13	0
321	86	1
1083	183	0
276	6	1
1231	91	1
808	218	1
1783	48	0
177	56	0
1209	91	1
497	50	1
59	50	1
386	135	1
813	188	0
1254	67	0
702	50	1
2040	227	1
207	267	0
1350	94	1
70	244	1
772	188	0
1304	131	1
1540	47	0
468	226	1
522	34	1
749	211	1
959	64	1
690	34	1
2308	288	1
1051	74	0
386	21	1
67	226	1
1498	57	0
362	200	0
1078	167	0
605	218	1
1199	91	1
1228	91	1
1890	212	1
1805	285	0
940	212	0
1913	74	0
513	50	1
546	219	0
284	107	0
1854	181	0
2123	240	1
464	268	0
112	7	1
1192	91	1
325	6	1
2278	44	1
1736	52	0
938	90	0
852	262	0
1150	88	1
802	48	1
2309	199	0
1670	165	1
922	249	0
819	44	0
1497	138	1
1682	139	1
2146	91	0
1355	282	0
2159	299	0
850	271	0
2125	298	0
422	163	0
725	85	0
1127	118	0
166	39	1
372	141	0
1428	11	1
807	50	1
630	77	1
32	135	1
661	55	0
40	215	0
644	34	1
1984	177	0
1869	136	0
961	154	0
176	246	0
1612	185	0
594	156	0
1417	292	0
85	194	0
2305	265	0
2089	165	1
870	76	1
1575	178	0
1422	116	0
893	109	0
2319	72	1
145	212	0
82	48	0
1668	184	0
1057	136	0
2025	189	0
2236	49	1
556	76	1
286	285	0
871	142	1
1012	75	1
734	201	0
840	50	1
2124	119	0
281	6	1
1131	264	1
295	58	0
901	53	1
104	43	1
1081	183	0
1201	114	0
1261	57	0
331	9	0
469	266	0
1221	227	1
1867	128	0
1038	250	0
1065	216	0
605	216	0
1230	185	0
2078	165	1
193	91	1
1032	268	0
2048	227	1
643	61	1
1498	138	1
1640	150	1
119	101	0
855	197	0
45	225	0
955	217	0
954	7	0
561	217	0
349	6	1
2077	165	1
616	34	1
140	244	0
417	120	1
1824	204	1
740	50	1
1681	171	1
1296	117	0
13	292	0
96	77	1
1166	88	1
163	6	1
707	47	0
2242	39	0
1847	56	0
444	187	0
33	285	1
127	178	1
282	8	1
405	29	1
993	37	0
343	8	1
2069	163	0
1232	91	1
1487	48	0
1614	12	0
943	179	0
624	34	1
1904	249	0
369	289	0
907	107	0
1225	278	0
551	34	1
446	40	1
1492	237	0
1328	78	0
1382	4	0
407	168	1
368	185	1
228	254	0
1570	254	0
724	176	0
872	218	1
1952	223	1
1132	122	0
2117	60	0
78	138	1
815	105	1
2169	244	1
1008	129	0
1580	211	0
641	34	1
104	50	1
1422	26	1
1472	265	0
259	6	1
1845	211	1
467	218	1
280	91	1
32	58	1
825	155	0
453	43	1
98	7	1
709	48	1
809	26	1
1109	77	1
1593	145	1
1667	160	1
778	48	1
585	222	0
472	239	0
690	176	0
462	34	1
2280	295	0
1249	96	1
384	21	1
180	123	1
1178	186	0
316	6	1
423	278	0
760	48	1
1962	223	1
542	253	0
201	123	1
2300	127	0
1132	78	1
954	58	1
1043	149	0
2200	56	0
1007	218	1
432	58	1
431	37	1
1751	264	0
2165	51	0
1377	16	0
1966	115	0
106	190	0
493	274	0
1260	55	0
363	100	0
1669	132	1
270	6	1
51	34	1
563	34	1
475	48	1
1594	61	0
1654	256	0
1584	81	0
695	18	0
233	64	0
1239	235	0
590	34	1
1587	239	0
210	37	0
1309	115	1
1449	132	1
210	8	1
103	229	1
690	117	0
1476	25	0
1901	218	1
1201	182	0
2138	110	0
1885	140	0
1213	91	1
619	285	0
581	34	1
1408	26	1
75	50	1
1069	77	1
1258	125	0
135	6	1
317	175	0
2181	106	0
12	191	0
2043	136	0
61	169	0
2101	178	0
1472	148	0
567	52	0
1546	244	1
2110	298	0
95	211	1
314	6	1
888	100	1
2251	165	0
2062	41	0
343	37	0
1242	130	0
1431	79	0
2293	288	1
954	174	1
1159	11	0
134	165	1
1728	174	1
675	34	1
1173	13	0
1412	248	0
809	50	1
1098	77	1
1514	138	1
423	90	0
1844	211	1
1076	242	0
674	34	1
1208	248	0
46	227	1
58	50	1
1801	80	0
271	272	0
1510	22	0
449	50	1
1136	91	1
320	207	1
1753	297	0
1474	155	0
809	86	1
2299	272	0
135	8	1
1576	268	1
710	267	0
792	48	1
789	48	1
938	296	0
888	194	1
325	86	1
1459	239	0
730	290	0
835	138	1
1809	149	0
1842	10	0
367	34	1
576	128	0
435	40	1
1120	261	0
916	186	0
1246	272	0
526	40	0
1893	44	0
325	145	1
794	13	0
2168	140	0
117	9	1
828	219	0
801	245	1
1333	94	1
1218	91	1
1389	272	0
2157	47	0
798	48	1
2326	264	0
1544	88	0
1325	281	0
728	44	1
742	48	1
2243	273	1
62	50	1
2121	240	1
1113	77	1
818	120	0
563	105	1
234	120	0
46	5	1
1317	235	0
2181	19	0
1019	227	1
71	255	1
955	58	1
2327	298	1
149	84	0
2131	269	0
308	288	1
730	80	0
1625	254	0
2297	288	1
2240	25	0
255	234	0
1479	115	0
650	34	1
644	97	0
856	136	0
2142	65	0
1755	181	1
1468	134	1
57	6	1
366	125	0
1379	54	0
1436	3	0
2230	128	0
1314	63	1
108	156	0
114	6	1
283	6	1
2192	72	1
671	50	1
2182	104	0
1377	248	0
946	201	0
815	50	1
724	44	1
32	155	1
550	244	0
45	277	0
2319	235	0
824	76	1
129	14	1
350	9	0
57	241	0
1054	77	1
1605	219	0
1393	265	0
332	239	0
2179	99	0
667	274	0
789	49	1
845	40	0
954	216	1
797	113	0
991	69	1
411	113	0
573	34	1
325	218	1
1361	26	1
97	109	1
252	263	1
481	34	1
791	49	1
136	274	1
1052	9	0
2292	284	0
142	123	1
1153	107	0
460	142	1
1726	9	0
1072	77	1
370	222	0
347	184	0
401	257	0
14	227	1
747	24	0
1824	218	0
32	61	1
917	163	0
1141	55	1
1433	11	1
157	6	1
768	6	0
2190	9	0
176	138	1
1827	259	0
545	34	1
985	53	0
56	84	0
1557	102	0
400	208	0
1009	76	1
1481	116	1
969	70	0
9	28	0
2119	151	0
678	50	1
904	88	1
442	42	0
1797	33	0
179	6	1
863	144	0
2148	36	0
196	277	0
47	152	1
1632	92	0
312	119	0
47	181	0
336	282	0
91	226	1
1936	220	1
169	269	0
963	177	0
1257	93	1
2032	227	1
1326	29	0
1386	26	1
140	145	0
775	48	1
843	193	0
1581	235	0
936	58	1
1926	7	0
683	34	1
661	255	0
1833	1	0
647	172	0
161	25	0
166	257	1
1210	38	0
159	6	1
704	131	0
1468	205	0
771	58	0
493	6	0
550	6	0
2251	273	1
1234	288	1
1464	132	1
79	138	1
970	158	0
983	228	0
2161	232	0
2057	123	0
453	279	0
1820	23	0
301	270	0
2022	226	1
2284	2	0
221	192	0
321	64	1
1402	26	1
1206	209	0
841	267	0
1860	170	0
758	48	1
640	218	1
511	30	0
1743	160	0
136	8	1
1176	53	0
1358	174	1
600	267	0
1029	49	0
2004	247	1
2106	79	0
2056	239	0
2122	144	0
2324	204	0
1450	164	0
2294	288	1
847	142	1
616	177	0
1087	64	0
709	262	1
861	50	1
2270	103	0
133	6	1
966	67	0
339	243	1
1101	216	0
1349	36	0
297	6	1
2274	118	0
1907	116	0
2296	279	0
423	92	1
1025	178	0
8	132	1
2087	165	1
916	53	1
184	132	1
949	61	1
976	171	0
315	6	1
1490	135	1
547	34	1
954	138	1
336	54	0
812	183	0
1114	252	0
504	26	1
1010	61	0
1256	223	0
50	218	1
1379	26	1
1549	94	0
548	50	1
1686	68	0
95	8	1
1049	77	1
2030	85	0
1957	267	0
159	159	0
1478	291	1
714	34	1
321	77	1
102	17	0
369	285	1
910	170	0
686	50	1
907	53	1
722	96	0
1059	77	1
779	48	1
1059	209	0
110	97	0
47	226	1
1088	77	1
2240	14	0
2235	238	0
1568	237	0
1559	138	1
1057	77	1
1642	61	0
1603	29	0
66	188	1
469	42	0
1673	10	0
1890	177	0
2130	251	0
1461	132	1
561	77	1
356	6	1
2191	140	0
1496	242	0
651	23	0
1432	11	1
1843	166	0
1287	110	1
8	41	1
1131	263	0
500	34	1
251	149	0
981	266	0
2060	227	1
2056	209	0
835	50	1
1856	179	0
840	48	0
429	134	0
181	66	1
906	122	0
128	288	1
1031	165	0
2083	200	0
1167	89	1
321	281	1
80	22	0
773	108	0
314	88	1
58	285	1
736	46	1
599	142	1
50	34	1
627	196	0
125	11	1
1133	230	0
1703	174	1
133	187	0
1818	46	0
