127	34	1
41	175	0
1221	169	0
20	11	1
908	53	1
720	44	1
403	28	1
59	291	0
141	209	0
2278	151	0
575	48	1
740	18	0
1375	8	0
76	244	1
541	50	1
2325	204	0
2312	109	0
401	28	1
2044	127	0
2061	1	0
1475	80	0
2258	112	1
1752	127	0
1954	249	0
62	77	0
329	286	0
340	168	0
1590	48	0
58	50	1
1358	93	0
1574	113	0
1662	289	0
2280	44	1
149	61	1
1867	230	0
383	25	1
52	5	1
1523	174	1
1639	150	1
1530	174	1
2192	72	1
2234	142	0
89	7	1
792	48	1
467	105	1
485	177	0
63	62	0
381	41	0
722	180	0
2081	174	0
1556	160	0
16	278	0
1959	159	0
143	169	0
1783	125	0
256	6	1
1878	211	1
1884	211	1
2022	268	0
1837	136	0
934	159	0
1028	77	1
1055	1	0
287	128	0
543	34	1
465	110	1
1841	151	0
628	297	0
66	138	1
926	277	0
1625	2	0
415	280	0
975	66	1
47	159	1
1407	26	1
534	236	0
1056	90	0
677	34	1
176	6	1
546	111	0
303	197	0
1052	147	0
1443	131	1
20	286	1
1958	224	1
844	70	0
643	48	1
431	60	0
1502	139	1
1638	150	1
263	46	0
1076	77	1
102	7	1
884	53	1
1331	94	1
77	244	1
32	139	1
767	48	1
2125	257	0
768	48	1
1988	86	0
689	48	1
1130	222	0
2282	44	1
717	97	0
819	174	1
2278	44	1
2052	227	1
947	61	1
680	34	1
2198	86	0
137	6	1
1785	86	1
1599	52	0
813	50	1
663	34	1
58	7	1
1033	86	1
2309	288	1
1961	223	1
2191	246	1
1656	234	0
96	244	1
1235	226	0
892	134	1
1882	294	0
1830	270	0
1578	141	0
1950	220	1
1447	132	1
1740	174	1
224	6	1
1282	56	0
658	150	0
502	181	1
707	34	1
1565	264	0
1554	138	1
1672	61	0
2022	176	0
266	243	0
1377	217	0
2252	118	0
1557	138	1
703	34	1
2168	244	1
134	243	1
1977	142	1
419	76	1
1295	112	0
1168	8	1
1340	284	0
45	146	0
621	34	1
276	6	1
1531	138	1
1567	234	0
2066	165	1
704	34	1
1360	111	0
329	6	1
1963	223	1
734	59	0
1209	183	0
881	293	0
1182	49	0
338	185	0
1836	211	1
722	45	1
709	50	1
843	204	0
117	102	0
1165	88	1
1050	77	1
850	224	0
1171	298	0
1486	159	0
714	34	1
32	284	1
1976	18	0
63	206	0
904	136	0
1948	244	0
1059	286	0
1568	50	0
63	23	0
181	64	0
1007	86	1
269	189	0
916	172	0
1274	218	1
670	34	1
1919	218	1
1655	278	0
1654	274	1
2	65	0
746	272	0
2259	112	1
1968	142	1
2204	217	0
2077	95	0
277	177	0
1364	26	1
1892	179	1
677	235	0
2013	99	0
392	27	1
1964	244	1
1996	159	0
2028	227	1
887	25	0
403	124	1
595	34	1
2307	288	1
888	53	1
178	8	1
1939	80	0
1135	194	0
13	178	1
119	279	0
438	244	1
1195	220	1
25	225	0
1553	212	0
1266	102	1
423	48	1
1916	231	0
927	53	1
2129	81	0
338	105	0
921	217	0
173	57	0
1595	218	1
719	113	0
103	34	1
719	50	1
1616	149	1
808	218	1
1225	183	0
573	278	0
506	21	0
526	70	0
802	218	1
1439	130	1
325	6	1
428	32	1
814	50	1
451	150	0
2318	292	1
877	26	1
1885	283	0
1427	168	0
14	77	1
843	77	1
1636	142	0
1592	141	0
1152	174	0
809	71	1
1154	88	1
844	76	1
1135	259	1
735	298	0
231	6	1
1100	78	0
1648	6	0
556	76	1
2127	210	0
177	105	1
1340	94	1
1995	89	0
1172	268	0
1754	292	0
67	50	1
774	66	0
2118	216	1
160	49	1
1619	116	1
127	72	1
209	99	1
591	168	0
1179	145	0
208	152	0
2038	123	0
418	32	1
1296	299	0
2281	152	0
1295	185	0
1322	94	1
1098	77	1
579	159	0
138	110	0
1267	103	1
487	34	1
2323	60	0
2139	244	1
2092	165	1
493	48	1
140	215	0
95	6	1
346	23	0
2183	47	0
1029	77	1
2282	258	0
1456	184	1
2058	207	0
898	73	0
907	237	0
799	48	1
20	44	1
363	6	1
980	123	0
2058	63	0
2109	53	0
1655	50	0
1157	116	1
1118	77	1
121	274	0
21	34	1
1791	230	0
641	227	1
1554	13	0
1484	135	1
865	27	0
1185	288	1
1055	77	1
1582	110	0
77	55	1
838	142	1
1517	263	0
1679	297	0
1279	109	1
1349	94	1
634	174	1
1884	181	0
1656	274	1
890	53	1
1911	188	0
1078	134	0
1584	44	0
487	64	0
1574	142	1
793	11	0
651	129	0
1865	211	1
602	18	0
1256	62	0
1085	103	0
1202	22	0
307	6	1
2145	167	0
1076	34	0
1498	139	1
844	226	1
1728	174	1
189	6	1
1741	218	1
1934	89	0
1851	111	0
1195	91	1
1568	34	1
367	50	1
472	26	0
2304	25	0
239	6	1
15	4	1
932	244	1
658	34	1
1403	22	0
2230	177	0
833	50	1
1225	91	1
238	50	0
1238	288	1
170	288	1
494	129	0
1646	58	1
1383	105	0
59	132	1
111	48	1
1711	174	1
58	64	1
358	72	1
2135	244	1
1092	77	1
33	91	1
303	6	1
1502	138	1
1937	69	0
881	77	1
145	171	0
401	193	0
1618	148	0
910	288	0
2129	244	1
1255	97	1
435	50	1
1486	198	0
822	142	1
2238	273	1
902	142	0
299	103	0
1018	207	0
459	41	0
627	34	1
1403	256	0
529	48	1
317	68	0
1605	146	1
1172	90	1
590	47	0
2093	136	0
1247	93	1
521	227	1
600	34	1
1173	90	1
1184	8	0
1316	5	0
55	5	1
2087	165	1
923	53	1
1867	282	0
32	211	1
2138	87	0
1301	207	1
315	6	1
643	105	1
1529	279	0
579	218	1
259	18	0
449	174	0
540	34	1
103	128	1
539	50	1
134	165	1
2055	54	0
1963	184	0
287	145	1
2223	267	1
541	34	1
1430	139	0
993	58	0
104	50	1
1402	258	0
766	205	0
1996	146	0
2267	188	0
12	78	0
1643	250	0
1098	122	0
651	216	0
1444	183	0
47	86	1
1326	46	0
994	10	0
58	72	1
103	229	1
2018	266	0
1975	203	0
1216	91	1
418	131	0
1401	26	1
155	165	1
2001	192	0
337	288	1
556	288	1
280	91	1
1624	227	0
1371	235	0
1915	43	0
1756	290	1
523	288	0
91	48	1
1583	145	1
2285	286	1
2154	86	0
1085	5	0
1692	158	0
1500	74	0
760	48	1
9	245	1
508	211	1
428	138	1
158	194	1
1595	157	1
149	50	1
2302	125	0
1367	26	1
190	152	0
424	48	1
141	123	1
1161	274	0
852	91	0
69	50	1
58	132	1
1195	110	0
1002	91	0
1736	174	1
1345	233	1
396	156	0
2160	119	0
288	6	1
495	48	1
2107	165	1
1985	142	1
2079	228	0
572	261	0
1520	200	0
1871	182	0
314	91	1
993	105	1
2139	108	0
787	48	1
32	220	1
2202	60	0
618	34	1
840	142	1
411	44	0
1661	159	1
877	39	0
1957	223	1
848	175	1
2067	7	0
681	48	1
446	284	0
96	48	1
2047	227	1
506	192	0
32	155	1
1933	220	1
1152	135	0
468	264	0
1057	9	0
127	79	1
1946	7	0
1699	173	1
1142	85	1
1669	174	1
1857	199	0
19	4	1
875	50	1
817	44	0
1529	46	0
2180	244	1
337	91	1
230	28	0
179	6	1
135	123	1
1572	141	1
2304	288	1
448	34	1
101	217	0
1503	139	1
1403	109	0
119	17	1
2206	267	0
48	14	1
582	72	1
1027	174	1
210	8	1
1023	75	1
672	20	0
839	142	1
1732	174	1
1873	211	1
90	7	1
177	50	1
2261	189	0
1946	237	0
998	72	1
706	191	0
448	91	0
1428	40	0
875	244	1
175	2	0
491	294	0
351	6	1
1610	148	1
634	49	1
330	203	0
1291	46	0
1916	281	0
564	234	0
789	75	1
715	34	1
526	289	0
547	34	1
191	6	1
1651	156	1
2003	247	1
99	7	1
620	106	0
834	142	1
2229	236	0
72	63	0
1978	239	0
2299	132	0
8	4	1
855	50	1
1305	122	0
654	34	1
105	187	0
1292	267	0
643	180	0
438	34	1
329	91	1
1118	256	0
9	234	0
132	133	0
1605	142	0
451	26	0
565	34	1
784	110	1
1122	77	1
417	96	1
1632	49	0
902	53	1
1694	265	0
500	34	1
1252	63	0
136	165	1
1202	50	0
1223	268	0
1677	244	1
714	11	1
1909	64	0
691	34	1
491	212	0
1748	200	0
853	50	1
756	111	0
325	91	1
969	14	0
1843	51	0
21	77	0
202	210	0
664	34	1
2185	203	0
62	50	1
473	67	0
1026	105	1
209	273	0
1929	197	0
1025	282	0
161	6	1
111	50	1
530	94	1
2101	194	0
2161	244	1
1521	197	0
1976	142	1
1160	160	0
1724	270	0
1516	103	0
1622	116	1
32	108	1
847	50	1
1642	286	0
626	177	1
2327	233	0
944	252	0
219	271	0
1776	177	0
32	43	1
883	53	1
1545	74	0
1497	138	1
1247	62	0
1176	46	0
356	62	0
2045	113	0
329	238	0
2312	288	0
2163	185	0
1865	170	0
250	6	1
850	204	0
58	185	1
177	34	1
134	194	1
155	119	0
2208	261	0
273	246	0
1205	91	1
1172	9	0
1140	83	1
47	118	1
1456	132	1
481	47	0
1940	122	0
2223	221	0
1428	11	1
566	34	1
2232	167	0
1525	138	1
9	145	1
1220	116	1
32	289	1
2173	104	0
1041	298	0
491	195	0
1496	54	0
1241	148	1
2026	54	0
672	221	0
17	178	1
1638	238	0
938	179	0
634	217	1
2171	43	0
92	244	1
460	44	1
1352	68	0
2230	205	0
280	49	1
18	168	0
625	132	1
1208	102	0
892	53	1
1730	174	1
2139	135	0
847	41	0
282	8	1
1573	231	0
1780	61	0
676	173	1
1253	38	0
127	12	1
2021	206	0
450	40	1
710	174	1
253	291	0
944	24	0
1505	243	0
419	50	1
1007	77	1
765	48	1
2154	244	1
613	72	1
940	211	1
1196	242	0
2219	265	1
14	34	1
687	86	1
366	61	1
85	50	1
1883	211	1
1276	290	0
2182	256	0
522	127	0
1145	145	0
1702	174	1
1307	79	0
465	94	1
1508	21	0
1693	156	1
1684	296	0
1245	175	0
1931	142	0
618	245	0
1446	128	0
694	64	0
620	91	0
45	5	1
1465	37	0
671	50	1
1121	294	0
2118	13	0
1245	165	1
865	76	1
1473	134	1
1516	138	1
20	5	1
1474	116	1
494	50	1
476	105	1
290	43	0
912	53	1
1530	133	0
1754	203	0
629	34	1
653	34	1
1975	73	0
1031	132	1
103	49	1
1782	86	1
438	233	0
1083	49	1
39	228	0
776	48	1
1776	29	0
1586	241	0
1465	69	0
1556	75	0
702	50	1
2149	244	1
1871	284	0
103	165	1
866	251	0
30	130	0
1556	138	1
1969	142	1
1578	162	0
112	183	1
1210	91	1
337	81	0
1146	88	1
1544	163	0
285	6	1
1240	143	0
353	231	0
103	86	1
1002	210	0
104	19	0
66	168	0
32	61	1
191	184	0
2230	35	0
836	46	0
136	260	0
1115	85	0
1523	139	1
1166	116	1
1832	207	1
191	94	0
1331	279	0
1326	59	0
1991	57	0
495	201	0
1505	133	0
1928	220	1
580	50	1
1026	77	1
1887	211	1
428	183	1
577	81	0
1803	218	0
153	19	1
1098	134	0
9	77	1
225	185	0
1431	11	1
57	8	1
1666	160	1
1505	138	1
104	125	0
426	36	1
801	139	1
113	145	1
122	85	0
1927	220	1
56	115	0
732	44	1
1732	238	0
31	73	1
1400	240	0
1471	134	1
1979	92	0
414	32	1
321	281	1
953	58	1
20	6	1
1621	189	0
850	76	1
1720	136	0
1396	158	0
1756	265	0
1393	26	1
1063	14	0
6	54	0
2027	227	1
561	105	1
101	185	0
1342	133	0
258	6	1
1453	278	0
136	148	1
550	34	1
847	150	0
901	40	0
634	175	1
501	48	1
83	48	1
1114	77	1
651	190	0
1214	91	1
1038	230	0
135	243	1
826	111	0
516	132	1
1694	26	0
1997	142	1
376	240	0
1506	227	1
885	91	1
1825	154	0
1175	99	0
1071	171	0
1521	23	0
203	284	0
460	48	1
787	49	1
2149	220	0
2208	257	1
1478	116	1
1262	33	0
1489	256	0
1260	140	0
56	8	1
1198	11	0
215	6	1
163	6	1
1029	204	0
426	205	0
953	251	0
1256	8	1
548	34	1
1527	218	1
609	218	1
467	218	1
974	227	0
498	34	1
2262	30	0
415	32	1
1560	35	0
1603	75	0
940	58	1
1015	79	0
2231	233	0
1731	209	0
497	178	0
948	61	1
1948	68	0
1295	24	0
70	242	0
741	55	0
1000	38	0
105	217	1
1637	257	0
621	12	0
1478	291	1
473	105	1
1295	110	0
209	6	1
1467	37	0
406	42	0
1748	218	1
887	194	1
1460	132	1
358	6	1
167	6	1
2269	66	0
643	138	1
77	259	0
32	198	1
1616	114	1
1710	243	0
852	159	1
917	53	1
1054	44	0
2200	253	1
1820	200	1
201	34	0
127	91	1
1518	285	0
1818	142	0
1330	94	1
1274	105	1
134	19	0
2299	288	1
412	22	0
2096	100	0
1281	34	0
1268	208	0
174	253	0
1882	211	1
546	63	0
1134	80	1
321	42	1
453	50	1
136	19	1
216	232	0
2142	244	1
1136	259	1
95	276	1
1976	293	0
90	50	1
1884	52	0
2121	108	0
1768	86	1
1995	67	0
1720	174	1
45	34	1
1165	48	0
1346	94	1
149	19	1
200	6	1
1166	134	0
2119	199	0
552	34	1
1908	223	1
1703	98	0
434	272	0
1245	68	0
356	248	0
713	295	0
1024	174	1
1136	116	1
1659	152	0
661	34	1
1242	91	1
946	227	1
1287	106	0
2176	157	0
2156	298	0
547	50	1
546	50	1
1234	69	0
1028	174	1
321	77	1
1435	199	1
1259	272	0
315	66	0
674	174	1
1942	61	0
2245	193	0
1714	106	0
138	288	1
89	50	1
1270	105	1
984	127	0
197	43	0
147	25	0
32	276	1
151	19	1
2070	227	0
812	50	1
538	280	0
459	86	1
1632	267	1
1056	77	1
1065	259	0
1357	126	1
1979	19	0
47	244	1
1642	259	0
1084	53	0
1044	193	0
10	178	1
9	26	1
335	270	0
1871	3	0
1767	187	1
468	218	1
2122	116	0
407	92	0
266	6	1
731	153	0
2206	196	0
694	68	0
2174	244	1
1435	267	0
880	50	1
129	14	1
1255	192	1
1837	247	0
13	4	1
467	77	1
65	38	0
68	132	1
1306	272	0
479	50	1
366	123	0
907	53	1
1272	298	0
798	49	1
467	142	1
341	225	0
172	223	0
837	122	0
449	50	1
661	17	0
1984	112	0
1179	147	0
1508	138	1
1697	173	1
14	229	0
1145	88	1
504	34	1
327	91	1
886	152	0
61	7	1
668	232	0
1323	94	1
1731	204	0
719	85	0
181	196	0
1753	189	0
549	114	0
1238	7	0
16	5	1
1391	162	0
1547	138	1
713	34	1
103	139	1
761	48	1
1064	105	0
1563	277	0
1304	131	1
1706	174	1
137	288	1
737	47	1
139	108	0
2314	291	1
2160	244	1
1020	86	0
1342	158	0
2265	297	1
358	44	1
555	122	0
1618	250	0
731	223	0
899	53	1
1020	62	0
420	59	0
1992	142	1
532	166	0
397	76	1
280	26	1
749	48	1
1917	235	0
1040	77	1
660	40	0
417	32	1
32	244	1
1426	26	1
1174	24	0
733	286	1
2101	165	1
63	36	0
541	48	1
844	77	1
1762	40	0
555	205	0
385	21	1
1022	240	0
1841	293	0
1111	167	0
458	116	0
158	8	1
1318	291	0
1619	182	0
455	256	0
2322	249	0
106	217	1
1602	156	0
2184	245	1
257	103	0
2012	277	0
223	6	1
493	62	0
747	164	0
69	7	1
9	4	1
1126	142	1
78	55	1
18	5	1
177	257	1
2187	72	0
1740	226	1
1609	148	1
451	57	0
798	48	1
623	115	0
83	175	1
407	91	1
1025	64	0
1893	295	0
128	69	1
541	220	0
184	132	1
1465	132	1
156	194	1
1026	177	0
874	34	0
283	107	0
1353	54	0
676	141	0
45	142	1
1360	299	0
105	94	0
1234	148	1
1095	295	0
1659	157	1
789	49	1
2300	0	0
807	59	0
926	53	1
263	251	0
797	49	1
109	48	1
943	61	1
1029	174	1
854	77	1
467	34	1
575	53	0
2329	201	0
475	246	0
602	34	1
116	9	1
197	108	0
718	155	0
1348	116	0
957	64	1
2134	244	1
1862	249	0
1672	63	0
292	206	0
1072	267	0
202	6	1
208	6	1
2092	215	0
183	273	1
798	71	0
683	34	1
861	89	0
263	56	1
590	107	0
634	106	1
1577	132	1
1015	159	0
1633	203	0
407	167	1
50	198	1
1874	139	0
1877	211	1
1804	194	1
2321	263	0
508	34	1
465	270	0
254	245	0
12	247	0
682	99	0
1848	211	1
350	6	1
1700	134	0
1963	259	0
584	34	1
634	142	1
1231	288	1
354	243	1
942	143	0
343	99	1
1641	95	0
1957	202	0
176	257	1
679	48	1
2071	245	0
151	120	0
467	165	0
315	158	0
2017	17	0
1598	145	1
1116	77	1
471	34	1
1256	102	0
2206	256	1
121	142	1
1647	18	0
1736	277	0
576	34	1
190	280	0
69	109	1
1125	40	0
1175	8	0
560	34	1
747	61	0
1635	4	0
1786	159	0
643	137	0
733	45	1
1912	286	0
2133	244	1
697	34	1
455	34	1
1509	260	0
1458	38	0
1039	57	0
2166	96	0
957	202	0
113	8	1
1780	222	0
570	34	1
1474	98	0
123	13	0
1062	76	0
912	116	1
320	222	1
32	40	1
269	188	0
311	6	1
2143	37	0
77	157	1
2029	227	1
1207	291	0
128	8	1
1765	64	0
47	179	1
1569	34	1
679	34	1
213	6	1
36	271	0
2297	288	1
2126	243	1
981	171	0
50	121	0
32	223	1
130	14	1
1204	288	1
269	6	1
1143	136	1
1978	142	1
682	50	1
687	34	1
1318	123	1
1213	109	0
103	288	1
2304	45	0
536	75	0
241	99	0
963	241	0
512	141	0
1435	157	0
59	2	0
2050	227	1
1551	79	0
318	50	1
1255	203	0
1957	126	0
236	292	0
1813	124	0
621	77	1
308	26	1
1995	124	0
113	76	1
380	182	1
398	138	1
374	122	1
1362	26	1
547	293	0
2048	227	1
923	103	0
1815	199	1
2173	233	0
756	174	0
451	40	1
1744	46	0
272	16	0
2203	283	0
1469	116	1
1835	255	0
33	288	1
886	214	1
936	232	0
1519	267	0
300	6	1
2122	240	1
327	273	0
991	69	1
1121	77	1
1117	77	1
1277	68	0
32	177	1
629	77	1
1445	132	1
989	187	0
490	141	0
1818	273	1
638	34	1
1642	134	0
2053	193	0
881	76	1
2013	226	1
499	34	1
697	252	0
369	138	1
1488	265	0
2277	191	0
1364	91	0
1476	70	0
17	146	0
2243	23	0
58	26	1
207	105	0
1504	281	0
997	72	1
1175	90	1
1653	157	0
1494	98	0
136	123	1
1601	165	1
1404	218	1
934	226	0
2009	236	0
965	21	0
223	51	0
343	84	0
1780	106	0
960	64	1
101	50	1
2074	217	0
2248	273	1
585	34	1
1285	109	1
181	76	1
574	240	0
2116	261	0
2148	245	0
2318	63	0
1880	211	1
1633	245	0
451	108	0
722	249	0
139	6	1
927	83	0
647	50	1
1396	76	0
982	219	0
103	218	1
1196	259	0
1418	26	1
1027	105	1
483	77	1
1878	275	0
1519	25	0
1844	187	0
2090	64	0
1296	50	0
435	174	1
1632	116	1
2300	122	0
927	16	0
104	6	1
1917	218	1
1092	160	0
8	244	1
487	257	0
1644	233	0
1468	274	0
805	143	0
1280	225	0
1057	77	1
1559	243	0
1502	48	0
1732	165	0
1934	76	0
291	50	0
354	115	0
385	85	0
68	7	1
1721	97	0
601	243	0
321	293	0
1715	272	0
2202	253	1
1896	125	0
1930	288	0
562	30	0
1525	218	1
337	6	1
1044	65	0
817	50	1
84	268	0
1059	109	0
1765	186	1
2320	3	0
685	50	1
1516	51	0
652	60	0
2310	288	1
1670	165	1
280	6	1
314	120	0
1253	169	0
634	138	1
2287	117	0
930	288	0
1986	142	1
325	218	1
278	11	0
1083	109	1
1031	77	1
369	22	1
1823	203	1
21	45	1
1727	73	0
166	50	1
1351	104	0
1106	77	1
318	34	1
774	296	0
1912	218	1
173	6	1
1379	99	0
724	61	0
248	201	0
98	7	1
1934	135	0
522	79	0
1905	113	0
979	66	1
1019	138	1
845	218	1
1216	282	1
2233	87	0
1719	174	1
1220	152	0
181	50	1
1644	35	0
95	211	1
1334	181	0
815	244	1
1160	32	0
1784	11	0
1487	135	1
728	108	0
883	52	1
904	88	1
1709	218	1
610	241	0
1932	220	1
407	168	1
1681	74	0
2313	61	0
2116	235	1
50	256	0
235	101	0
1996	134	0
2035	54	0
844	236	0
875	227	1
1360	26	1
598	77	1
643	174	1
785	50	1
325	105	1
486	239	0
66	34	1
715	118	0
27	21	0
69	88	1
59	226	1
1753	178	1
1022	125	0
2141	172	0
1583	278	0
73	7	1
1458	288	0
402	28	1
116	139	1
282	6	1
1355	268	0
602	196	0
926	204	0
831	50	1
322	6	1
1407	264	0
368	121	1
2219	264	0
858	279	0
1928	241	0
585	26	1
1553	138	1
225	6	1
241	225	0
1028	105	1
144	19	1
103	257	1
674	34	1
1467	176	1
1467	194	1
2194	77	0
780	127	0
1238	91	1
2072	165	1
680	50	1
832	244	1
1575	143	1
1816	199	1
2108	165	1
45	50	1
883	280	0
126	12	1
1300	111	1
766	44	0
2108	133	0
166	52	0
1911	240	0
1677	47	0
1667	16	0
833	218	1
2114	228	0
198	8	1
2243	211	0
1526	166	0
695	34	1
2301	165	0
1136	88	1
33	61	1
835	50	1
249	6	1
456	48	1
974	83	0
1473	280	0
1688	139	1
644	34	1
641	34	1
301	6	1
2183	19	0
104	7	1
2313	290	1
1123	37	0
1778	223	0
2270	19	0
830	10	0
580	48	1
823	50	1
1611	142	0
542	94	0
2273	223	0
958	70	0
50	217	0
777	28	0
1065	77	1
197	6	1
556	108	1
1186	165	1
942	59	1
689	50	1
2242	168	0
1220	91	1
1859	211	1
1492	136	1
305	6	1
1133	56	1
2022	226	1
255	14	0
1268	114	0
876	138	1
79	244	1
529	50	1
2181	279	0
561	194	0
1905	218	1
1956	132	1
988	66	1
1753	183	0
1895	73	0
2050	195	0
877	76	1
1806	83	0
486	104	0
2236	179	0
29	293	0
591	206	0
1811	198	1
759	48	1
710	50	1
1284	74	0
826	199	0
499	143	0
1399	115	0
2191	46	0
479	216	0
545	42	0
511	50	1
2315	162	0
104	138	1
842	82	0
809	203	0
824	50	1
1121	46	0
992	103	0
933	144	0
1836	201	0
109	274	0
589	34	1
1847	288	0
48	266	1
1881	211	1
2099	167	0
1577	228	0
978	204	0
1863	211	1
1694	206	1
333	124	0
1741	118	0
48	97	0
1955	233	0
378	247	0
515	139	1
468	94	1
1230	148	0
455	23	0
845	50	1
1009	210	0
1051	88	0
1634	227	0
591	182	0
1506	261	0
2128	244	1
1517	138	1
606	174	0
445	34	1
2012	145	0
758	48	1
70	108	0
76	76	0
402	188	0
1317	123	1
68	226	1
372	114	0
1585	84	0
166	39	1
128	99	1
1656	156	1
1010	20	0
1549	124	0
58	138	1
958	183	1
547	229	0
593	34	1
377	36	0
999	72	1
883	88	1
506	257	0
388	144	0
539	202	0
1329	292	0
1304	222	0
1915	268	0
1487	139	1
1346	266	0
109	50	1
211	81	0
787	119	0
2225	267	1
617	66	0
146	19	1
565	10	0
338	62	0
2132	238	0
1843	232	0
1681	171	1
1262	101	1
474	24	0
389	91	0
377	24	1
382	25	1
907	15	0
1080	77	1
1837	174	0
1339	116	0
1484	42	0
2275	104	0
817	142	1
809	86	1
106	50	1
1531	163	0
1226	169	0
1920	251	0
104	43	1
849	218	1
67	88	1
947	58	0
2106	54	0
1223	91	1
2329	298	1
1022	75	1
767	206	0
1475	116	0
1443	254	0
1193	91	1
773	174	0
1776	212	0
410	40	0
181	77	1
1352	276	0
454	43	1
609	121	0
810	285	1
157	194	1
2190	243	1
520	34	1
1218	137	0
231	64	0
1667	210	1
695	120	0
1324	129	0
193	6	1
1713	174	1
1951	265	0
162	6	1
2071	82	0
964	64	1
127	139	1
365	123	1
1001	83	0
596	77	1
634	223	1
1618	116	1
734	208	0
419	78	0
100	50	1
1904	268	0
1817	273	1
1073	237	0
820	218	1
103	142	1
49	5	1
630	34	1
1829	266	0
400	150	0
368	288	0
1046	77	1
1478	132	0
1835	211	1
1731	276	0
1979	10	0
630	72	1
1658	51	1
103	44	1
1132	236	0
737	279	0
1846	260	0
119	10	1
2142	36	0
1147	163	0
839	174	1
197	81	0
2075	165	1
78	50	1
2012	178	0
474	34	1
1638	239	0
791	229	0
1432	11	1
1664	160	1
2215	288	0
307	180	0
232	108	0
366	20	1
628	53	0
2155	244	1
1929	165	0
2215	255	0
894	222	0
605	34	1
480	48	1
1758	290	1
342	277	0
545	48	1
1631	116	1
899	1	0
170	273	1
135	19	1
131	32	1
393	208	0
783	264	0
911	134	1
1671	166	1
485	34	1
1714	174	1
1052	227	0
1073	109	0
926	27	0
630	174	1
20	246	1
105	50	1
802	245	1
725	296	1
142	6	1
27	5	1
1943	48	0
1529	13	0
59	128	1
537	182	0
1675	169	1
65	40	1
2126	119	0
1759	206	1
1473	116	1
1111	77	1
1933	147	0
20	291	0
809	77	1
562	34	1
1378	138	1
379	25	1
855	76	1
992	70	1
1126	77	1
783	218	0
659	134	0
568	34	1
682	187	0
717	191	0
1315	283	0
1061	47	0
320	165	1
821	50	1
31	58	1
1454	132	1
32	145	1
1346	233	0
2005	247	1
177	113	1
2203	253	1
756	132	1
1250	38	0
8	7	1
1518	211	0
1535	85	0
178	288	1
603	254	0
12	4	1
732	286	1
925	88	1
807	138	1
1335	17	0
747	145	0
1322	117	0
174	6	1
76	34	0
96	77	1
1586	145	1
528	48	1
1103	3	0
1245	93	1
2205	256	1
1980	142	1
855	85	0
2210	222	0
2182	244	1
1845	169	0
1277	107	1
981	66	1
776	64	1
2098	44	0
929	251	0
625	61	0
2309	237	0
2253	228	0
1574	35	0
258	272	0
913	103	1
1159	116	1
475	132	0
1964	139	0
1420	207	1
1064	77	1
1308	123	0
85	153	0
790	49	1
472	104	0
146	283	0
1320	78	0
937	159	0
359	189	0
1178	91	1
2246	9	0
332	1	0
32	5	1
465	174	1
839	16	0
449	48	1
1038	87	0
1574	87	0
21	138	1
403	108	1
247	6	1
1513	228	0
2061	227	1
461	279	0
1032	242	1
641	285	0
1209	134	0
954	65	0
2009	234	0
652	140	0
1096	77	1
1399	26	1
2189	243	1
198	179	0
2288	25	0
797	10	0
2079	230	0
504	26	1
2272	44	1
8	218	1
2107	220	0
2055	227	1
878	76	1
1402	26	1
60	244	1
915	53	1
371	2	1
2063	182	0
1895	218	1
591	245	0
538	229	0
905	53	1
1780	86	1
548	271	0
1059	77	1
1459	148	0
1387	26	1
367	261	0
611	227	1
59	50	1
1583	23	0
2145	195	0
771	48	1
794	48	1
1605	154	0
1217	282	0
768	207	0
1009	76	1
647	35	0
803	282	0
1791	86	1
1911	218	1
613	218	1
807	50	1
101	205	0
90	244	1
58	34	1
2193	78	0
1925	220	1
1290	110	1
1007	208	1
2294	43	0
722	44	1
1344	69	0
290	6	1
306	184	0
639	218	1
829	50	1
954	26	1
597	128	0
829	218	1
1337	142	1
307	221	0
508	60	1
840	138	1
1388	197	0
863	136	0
735	45	1
2222	267	1
1256	57	0
99	127	0
1722	92	0
654	61	0
1259	99	1
928	233	0
1833	168	0
990	68	1
668	249	0
1888	140	0
484	34	1
65	101	0
316	6	1
1049	174	0
716	174	1
773	280	0
732	271	0
103	39	1
369	293	0
1523	138	1
30	297	1
2047	283	0
11	178	1
389	234	0
854	158	0
1345	157	1
1624	52	0
59	34	1
1411	121	0
673	34	1
876	94	1
1285	110	1
6	91	1
974	210	1
1163	110	0
1617	114	1
386	135	1
1250	134	1
1425	26	1
1672	99	0
604	34	1
2243	236	0
325	75	1
1156	88	1
106	40	1
321	64	1
1080	52	0
1514	138	1
1379	5	0
59	142	1
1741	174	1
445	152	0
1442	130	1
1231	91	1
67	7	1
1705	174	1
1848	288	0
449	34	1
1285	9	0
2249	23	0
179	274	0
766	48	1
1055	208	1
115	9	1
1982	217	0
160	48	1
21	288	1
2319	199	0
677	76	0
844	50	1
2149	21	0
1012	91	1
1036	168	0
913	53	1
250	243	1
36	275	0
284	6	1
512	59	0
1882	205	0
1633	282	0
51	2	0
1626	105	0
1620	288	1
1115	21	0
993	72	1
794	49	1
1598	267	1
579	34	1
84	97	0
1391	26	1
1126	218	1
102	87	0
1743	14	0
147	131	0
906	265	0
889	203	0
436	40	1
94	44	1
1137	83	1
806	174	1
83	178	1
647	48	1
112	24	0
1967	132	0
555	177	0
2073	227	0
944	61	1
293	26	0
201	6	1
711	69	0
320	159	1
701	34	1
300	18	0
650	34	1
2280	231	0
2058	164	0
238	6	1
1947	220	1
192	6	1
343	165	1
1471	132	0
657	34	1
198	165	1
417	266	0
244	6	1
2281	294	0
894	134	1
2252	288	0
647	252	0
2109	286	0
1902	218	1
2249	273	1
984	130	0
972	66	1
1564	209	0
1897	218	1
1582	145	1
1724	112	0
448	132	1
847	142	1
741	48	1
507	18	0
1264	121	0
2293	196	0
1582	127	0
2222	173	0
2017	84	0
1581	145	1
156	53	1
1675	193	0
1208	91	1
1064	214	0
1943	122	0
191	39	0
528	50	1
1724	109	0
1331	125	0
891	53	1
2291	99	0
313	143	0
1642	151	1
2057	227	1
1698	173	1
2204	254	1
517	48	1
1941	99	0
327	219	1
603	34	1
570	174	0
13	7	0
582	105	1
50	7	1
598	34	1
1041	114	0
910	53	1
1213	227	0
502	72	0
1956	29	0
1548	138	1
529	34	1
1545	220	0
1437	65	0
1347	94	1
1197	106	0
1632	107	0
660	153	0
630	77	1
549	34	1
2206	125	0
2065	259	0
749	44	0
103	182	1
264	133	0
677	154	0
1358	259	0
585	218	1
1708	155	0
1590	294	0
2328	298	1
542	34	1
2053	227	1
9	226	0
423	50	1
239	165	1
1297	109	1
1199	128	0
928	53	1
2259	225	0
2001	80	0
2181	244	1
1929	220	1
737	128	0
251	6	1
1541	138	1
1446	35	0
1906	218	1
1619	106	0
493	173	0
1519	138	1
1429	52	0
44	284	0
910	9	0
1219	86	0
1056	101	0
2052	267	0
677	181	0
837	4	0
1720	52	0
1765	139	0
1251	134	1
2270	227	0
1979	142	1
1358	174	1
2231	270	1
482	80	0
2329	84	0
2075	219	0
3	183	0
1591	145	1
835	142	1
1636	116	1
2159	244	1
732	91	1
1768	30	0
1090	77	1
639	227	1
212	186	0
339	235	0
47	50	1
1304	139	1
90	88	0
1644	153	1
449	227	1
269	123	0
1902	25	0
2326	208	0
61	50	1
862	109	1
1738	210	0
1473	76	0
33	253	1
437	42	1
20	288	1
2245	176	0
1379	241	0
2163	52	0
1230	93	0
937	58	1
1587	145	1
1670	86	1
1567	34	1
170	101	0
105	7	1
1478	199	0
374	24	1
1037	134	0
1926	190	0
32	159	1
696	34	1
1450	170	0
938	12	0
609	77	1
840	50	1
488	232	0
1774	86	1
993	175	0
1878	158	0
74	167	0
139	173	0
1527	206	0
856	174	1
1627	116	1
1339	94	1
1520	138	1
1030	77	1
584	152	0
1807	199	0
24	5	1
1136	288	1
2170	196	0
459	50	1
1204	150	0
1631	200	0
817	86	1
1648	130	0
921	53	1
1096	230	0
1639	154	1
716	29	0
2215	265	1
927	77	0
1272	142	1
1227	288	1
865	50	1
792	142	0
2144	244	1
547	48	1
1152	86	0
804	197	0
1158	90	0
287	264	0
991	280	1
1473	222	0
20	91	1
1925	206	0
1303	113	1
1402	129	0
321	6	1
1772	86	1
1918	21	0
1470	116	1
72	244	1
180	0	0
1539	150	0
332	133	0
369	191	1
1759	288	1
439	237	0
978	288	1
423	34	1
830	294	0
1231	75	0
2174	175	0
1930	220	1
1397	244	1
1337	94	1
1393	131	0
526	157	0
1163	116	1
1515	138	1
1727	105	0
869	218	1
400	79	1
1027	142	1
936	58	1
2303	288	1
1429	288	0
676	244	1
1215	194	1
1535	138	1
1529	170	0
1134	96	0
166	145	1
1216	124	0
2293	220	0
702	48	1
672	127	1
1101	99	0
278	6	1
624	34	1
1909	127	0
2035	227	1
596	105	1
1163	94	0
764	48	1
2321	295	1
1107	77	1
703	48	1
1003	27	0
528	34	1
1009	265	0
638	227	1
857	174	1
1769	65	0
32	30	0
1066	293	0
2327	298	1
1790	142	1
2005	85	0
2114	234	1
386	9	0
2044	60	0
481	34	1
1268	174	1
561	142	1
155	284	0
1034	200	0
166	26	1
335	77	0
2041	227	1
922	53	1
1250	294	0
1095	77	1
2291	71	0
860	218	1
1603	242	0
921	216	1
1955	274	0
889	288	1
428	285	1
180	288	1
993	94	0
1679	117	0
832	50	1
283	6	1
398	28	1
2106	175	0
954	95	0
665	34	1
406	134	1
210	145	1
745	166	0
2173	244	1
415	197	0
1922	124	0
275	6	1
141	286	0
866	76	1
613	105	1
801	165	1
50	5	1
113	28	0
705	50	1
1555	218	0
848	201	0
688	48	1
50	64	1
2090	71	0
170	139	0
205	165	1
2113	174	0
629	105	1
2046	38	0
814	144	0
1030	105	1
2052	191	0
1053	166	0
1585	175	0
1209	91	1
102	50	1
772	151	0
313	224	0
918	53	1
523	250	0
1468	194	1
1422	35	0
2064	269	0
130	96	0
2125	139	0
384	26	1
1531	218	1
1575	240	0
50	142	1
1808	195	1
335	167	0
1585	145	1
1778	217	1
1508	289	0
975	4	0
1187	54	0
39	64	1
1331	107	0
783	50	1
811	129	0
91	50	1
1792	240	0
1930	206	0
59	105	1
2014	226	1
775	48	1
849	50	1
2254	274	1
1945	234	0
588	34	1
995	183	0
1681	192	0
1468	116	1
245	179	0
2016	1	0
1166	88	1
893	53	1
495	50	1
30	244	1
1578	71	1
501	236	0
1039	77	1
1252	208	0
2242	256	0
2290	40	0
2248	194	0
766	155	0
1760	290	1
641	218	1
1911	151	0
689	45	1
2293	288	1
472	142	1
468	278	0
858	50	1
129	34	1
25	50	0
1165	78	0
1282	109	1
16	4	1
1598	234	0
369	34	1
493	34	1
569	13	0
171	26	0
158	165	1
654	194	0
2041	11	0
634	26	1
1636	50	0
359	6	1
424	163	0
1408	100	0
671	66	0
852	210	0
1058	77	1
1756	182	1
1753	176	0
1123	25	0
2180	33	0
814	268	0
68	225	0
497	48	1
1020	139	1
1368	26	1
1657	51	1
1037	77	1
212	6	1
360	148	0
647	14	0
2098	165	1
699	84	0
92	50	1
1843	211	1
709	48	1
1862	73	0
1951	284	0
1325	94	1
135	165	1
136	257	1
109	55	1
1278	108	1
142	123	1
1233	91	1
2291	137	0
1388	248	0
1618	291	1
446	174	1
2161	85	0
1846	211	1
1062	54	0
143	19	1
1240	91	1
718	34	1
887	253	0
1269	227	0
933	55	1
785	34	1
634	94	1
348	6	1
1160	116	1
210	197	1
1463	132	1
502	286	0
773	142	1
400	28	1
156	6	1
142	19	1
610	295	0
1476	134	1
204	192	0
1662	148	0
100	244	1
47	199	1
1679	134	0
278	103	0
1394	231	0
1349	245	1
647	44	1
426	225	0
1692	140	0
1316	164	0
2031	97	0
1717	84	0
141	19	1
722	68	0
1899	218	1
1795	189	1
1837	211	1
8	41	1
2292	130	0
1955	178	0
1286	94	1
254	6	1
48	132	1
105	153	0
517	50	1
1631	184	0
465	229	0
1444	104	0
1183	91	1
101	239	0
1602	145	1
259	6	1
839	292	0
2080	72	0
915	141	0
830	187	0
483	34	1
912	238	0
807	76	1
249	243	1
246	15	0
727	44	1
1472	291	0
1999	91	0
791	48	1
1810	198	1
1383	26	1
1615	47	0
33	132	1
2314	10	0
1005	76	1
1827	71	0
1524	49	0
380	25	1
998	77	1
1368	109	0
1197	91	1
162	165	1
827	50	1
2254	51	0
1660	157	1
1272	130	0
546	34	1
2112	234	1
1715	43	0
32	91	1
659	34	1
2176	55	0
666	193	0
2283	286	1
502	119	1
1403	273	0
510	94	1
1073	9	0
906	259	0
1703	174	1
128	243	1
1820	185	0
104	16	0
1336	94	1
681	50	1
1005	120	0
497	50	1
1289	193	0
1774	60	0
210	67	0
201	165	1
1089	77	1
920	203	0
1406	244	1
2288	269	0
1724	146	0
437	40	1
910	176	1
920	53	1
870	76	1
1212	139	0
1761	182	1
229	136	0
1527	138	1
1987	284	0
560	142	1
1241	91	1
2097	268	0
1762	184	1
1802	235	0
1195	157	0
1521	251	0
58	48	1
827	218	1
1141	55	1
2170	58	0
1393	227	0
2113	116	0
1813	198	1
587	34	1
1115	62	0
832	76	1
205	6	1
1851	211	1
329	182	1
79	138	1
966	257	0
614	105	1
437	175	1
1617	154	0
617	138	1
1959	223	1
1161	238	0
855	245	0
1223	288	1
1311	174	0
1954	99	0
718	86	0
30	11	1
1308	188	0
1607	29	0
2163	244	1
1412	91	0
1524	138	1
1029	105	1
376	24	1
1842	211	1
533	120	0
1107	152	0
1470	134	1
743	48	1
1019	227	1
50	157	1
1336	89	0
325	50	1
571	34	1
1598	120	0
590	34	1
212	43	0
1784	86	1
86	244	1
858	188	0
1188	91	1
1032	250	1
880	67	0
84	7	1
2064	230	1
408	30	1
1714	242	0
875	77	1
249	4	0
1671	185	0
381	6	0
2326	236	0
1007	132	1
1954	132	1
402	290	0
996	72	1
141	97	0
591	68	0
284	287	0
925	20	0
1781	86	1
946	138	0
292	6	1
33	5	1
1880	232	0
1806	184	0
67	17	0
956	62	1
937	55	0
1569	168	0
1979	58	0
1669	132	1
1940	288	1
943	126	0
4	266	0
47	102	1
996	210	1
1893	107	0
1085	77	1
2264	60	0
1706	265	0
1784	196	0
2249	75	0
721	87	0
1561	199	0
1697	152	0
1285	151	0
313	6	1
1965	114	0
1215	282	1
1980	21	0
216	6	1
702	34	1
1604	234	0
289	234	0
2131	18	0
164	71	0
1952	132	1
287	6	1
562	105	1
870	172	0
1910	8	0
109	34	1
1214	21	0
755	191	0
144	123	1
430	292	0
1269	178	0
440	40	1
315	296	0
445	32	0
1228	91	1
838	57	0
1272	36	0
1197	269	0
1603	145	1
2109	165	1
2120	165	0
1074	130	0
41	138	1
1025	77	1
2239	214	0
625	218	1
2004	247	1
1337	91	0
2261	112	1
1242	288	1
285	288	0
730	34	0
999	28	0
1584	98	0
1944	114	0
1765	291	0
336	6	1
1956	146	0
738	48	1
1125	77	1
32	34	1
1636	174	0
2201	253	1
704	50	1
164	69	0
1539	244	0
197	88	0
2277	44	1
1981	157	0
575	50	1
588	268	0
1496	33	0
594	34	1
1884	184	0
634	50	1
389	283	0
1970	109	0
1841	211	1
1842	47	0
733	246	1
1151	171	0
187	6	1
1489	297	0
1769	235	0
1918	128	0
1957	146	0
499	218	0
222	6	1
823	218	1
1966	37	0
178	273	0
87	142	1
1368	259	0
1427	11	1
108	7	1
1294	18	0
836	76	1
688	92	0
1830	207	1
1165	116	1
2104	201	0
105	40	1
1986	253	0
820	113	0
112	7	1
1130	77	1
1225	220	0
127	26	1
813	297	0
1093	206	0
1395	26	1
573	218	1
672	50	1
367	34	1
1868	211	1
157	8	1
2167	244	1
1570	34	1
1695	130	0
98	50	1
375	181	0
2219	176	0
396	28	1
742	10	0
639	34	1
660	34	1
1300	157	0
221	49	0
253	271	0
2143	244	1
2057	233	0
44	5	1
345	111	0
1396	26	1
1054	65	0
1561	238	0
1546	244	1
583	11	0
727	218	1
2067	70	0
2233	197	0
1108	20	0
1613	148	1
1879	105	0
72	7	1
1224	91	1
2188	243	1
200	51	0
1445	88	0
1823	290	0
981	241	0
509	34	1
362	6	1
272	26	0
456	96	0
1297	57	0
795	218	1
2115	24	0
1356	125	1
1545	138	1
361	6	1
962	64	1
1678	221	0
1376	77	0
397	28	1
1012	138	1
2023	166	0
1982	279	0
58	285	1
2178	244	1
1819	77	0
494	34	1
1284	109	1
59	9	1
260	6	1
942	85	0
742	48	1
1470	76	0
234	6	1
1373	17	0
111	226	1
1334	16	0
139	165	1
1098	251	0
1556	55	0
1776	86	1
428	50	1
1431	163	0
1725	6	0
21	4	1
30	142	1
207	282	0
1409	26	1
1276	105	1
1033	250	1
1301	289	0
1135	38	0
1659	264	0
802	108	1
221	146	0
2114	20	0
220	253	0
605	227	0
1227	65	0
1760	174	0
671	211	1
436	138	1
956	289	0
349	6	1
477	78	0
2136	244	1
2290	288	1
32	21	1
14	156	0
626	48	1
2062	129	0
568	129	0
103	217	1
1230	91	1
1943	220	1
666	6	0
70	34	1
2286	17	0
138	6	1
566	61	1
2330	196	0
1175	178	0
437	50	1
1675	77	0
557	34	1
406	127	0
1867	211	1
666	34	1
671	105	0
343	115	0
1174	90	1
548	48	1
470	48	1
1345	94	1
862	218	1
31	206	0
1306	132	0
1823	289	0
1592	145	1
1055	51	0
761	83	0
1298	112	0
572	76	1
744	31	0
1778	86	1
1842	257	0
83	218	1
1557	72	0
973	254	1
127	244	1
47	76	1
550	50	1
1053	94	0
1866	63	0
1311	264	0
802	49	1
674	76	0
1679	169	1
1271	105	1
417	232	0
682	118	0
1415	292	0
456	101	0
853	49	0
1079	132	0
1184	262	0
1061	290	0
1301	111	1
188	87	0
129	137	0
2166	240	0
60	265	0
990	81	1
299	6	1
417	174	0
425	36	1
1601	170	0
271	138	0
475	50	1
1084	16	0
1917	282	0
342	6	1
2127	9	0
1578	196	0
803	174	1
1201	245	0
629	61	0
2320	9	0
1505	87	0
461	62	0
633	109	0
32	44	1
33	224	0
424	125	0
213	25	0
1655	87	0
1960	223	1
596	34	1
2176	244	1
2189	100	0
362	283	0
967	227	1
127	76	1
297	6	1
1898	293	0
1595	273	1
1814	228	0
2307	221	0
470	106	0
134	123	1
1879	211	1
1737	174	1
1705	83	0
843	172	1
98	244	1
1653	156	1
244	152	0
94	50	1
788	48	1
911	53	1
1724	253	0
779	48	1
580	94	1
1047	77	1
1110	212	0
1814	281	0
349	70	0
1265	128	0
1843	271	0
643	26	1
57	123	1
802	231	0
1704	174	1
187	132	1
47	109	1
715	139	1
2210	245	0
1172	55	0
797	48	1
1338	94	1
694	34	1
847	17	0
1630	116	1
1721	229	0
1155	212	0
156	123	1
1865	259	0
193	288	1
245	6	1
192	5	0
238	74	0
1258	99	1
814	251	0
1510	138	1
740	61	1
19	17	0
757	246	0
431	123	0
61	244	1
1531	62	0
405	29	1
469	34	1
936	267	1
1437	129	1
245	277	0
1572	49	0
1971	142	1
21	91	1
1497	130	0
407	200	0
672	111	1
1700	173	1
1114	95	0
1615	148	1
431	77	1
337	1	0
1295	4	0
1594	145	1
1659	218	1
2034	90	0
1620	96	0
335	51	0
611	34	1
511	128	0
354	6	1
51	48	1
775	88	0
688	50	1
2300	288	1
1787	142	1
1062	37	0
1637	150	1
48	179	0
87	50	1
1280	109	1
1907	218	1
1223	10	0
230	68	0
1620	237	0
1540	138	1
101	66	0
1319	94	1
2132	244	1
352	64	0
93	50	1
2273	44	1
189	227	1
1012	244	1
363	132	0
633	100	0
455	26	1
717	175	0
2232	270	1
1721	174	1
782	219	0
1845	211	1
809	26	1
893	105	0
1699	58	0
112	50	1
1780	267	0
353	6	1
2110	42	0
401	33	0
1151	88	1
1655	215	0
1163	132	0
1601	181	0
797	274	0
42	5	1
112	244	1
766	133	0
46	211	0
949	61	1
1709	283	0
474	144	0
1713	17	0
2093	165	1
1061	293	0
974	66	1
1052	182	0
1318	76	0
1754	178	1
1031	116	0
809	89	0
333	6	1
1229	245	0
2175	244	1
1433	111	0
2284	286	1
46	5	1
2149	192	0
574	34	1
625	34	1
1941	220	1
728	114	0
788	49	1
33	116	1
1607	148	1
2011	264	0
1493	137	1
805	50	1
1901	169	0
974	26	0
831	251	0
1647	260	0
2156	244	1
1984	142	1
588	299	0
853	174	1
1026	142	1
1727	174	1
1216	32	0
469	68	0
516	124	0
1333	94	1
256	120	0
739	48	1
1038	32	0
2003	133	0
104	211	1
402	125	0
32	58	1
790	48	1
2239	278	0
95	49	1
40	5	1
1510	29	0
677	172	0
178	243	1
53	216	0
1729	1	0
280	77	1
440	17	0
1192	91	1
714	9	0
509	233	0
1726	174	1
942	214	0
2127	244	1
980	78	0
37	195	0
1330	213	0
1253	59	0
562	77	1
586	287	0
1411	26	1
1253	167	0
2323	138	0
186	28	0
368	159	1
461	20	0
1215	116	1
2021	226	1
1500	138	1
91	55	0
1352	52	0
105	61	1
381	30	0
2119	183	0
168	145	1
2018	226	1
97	26	1
1680	8	1
2044	153	0
366	151	0
2066	94	0
1654	211	0
813	174	1
531	72	1
1105	77	1
56	6	1
312	6	1
151	13	0
497	244	0
1564	228	0
1818	4	0
2023	272	0
536	34	1
187	78	0
626	34	1
1854	211	1
78	7	1
110	7	1
2129	162	0
466	34	1
686	34	1
1456	46	0
50	177	1
203	180	0
1649	156	1
2021	288	1
105	86	1
927	162	0
686	131	0
434	50	1
431	37	1
1891	206	1
1984	248	0
761	127	0
634	229	0
207	6	1
411	53	1
1394	26	1
139	19	1
800	138	1
504	247	0
681	117	0
1760	151	0
808	50	1
1450	132	1
386	21	1
1063	139	1
330	189	0
300	185	0
1248	230	0
1083	77	1
630	105	1
178	165	1
476	34	1
1738	174	1
1109	289	0
1747	177	1
1863	136	0
1054	182	0
1840	211	1
647	34	1
1798	191	1
1252	88	1
2133	180	0
479	48	1
780	48	1
510	112	0
1146	296	0
241	6	1
1459	132	1
2172	68	0
32	135	1
447	40	1
1279	24	0
2228	268	1
1547	55	0
47	78	0
1104	262	0
1866	211	1
950	61	1
1546	294	0
900	242	0
466	110	1
2262	112	1
797	231	0
872	218	1
1043	77	1
327	220	1
701	50	1
2279	25	0
707	211	1
903	88	1
127	40	1
739	172	0
1795	193	0
1449	160	0
1883	150	0
1409	195	0
1402	195	0
51	157	0
2320	294	1
1370	194	0
261	6	1
56	123	1
210	277	1
434	244	1
1833	209	1
791	49	1
1219	116	1
77	7	1
1438	211	1
861	98	0
109	244	1
341	27	0
487	188	0
1628	16	0
1160	267	0
1285	270	0
97	50	1
1526	218	1
2293	242	0
1982	142	1
172	65	0
1271	138	0
105	226	1
677	97	0
618	14	0
1035	217	0
539	48	1
468	34	1
853	283	0
420	294	0
68	48	1
1421	26	1
1715	174	1
1378	26	1
1741	207	0
1490	187	0
1917	288	0
1178	218	0
583	34	1
1165	125	0
1147	190	0
1889	212	1
1193	279	0
1886	211	1
608	195	0
803	151	0
922	279	0
1081	77	1
1502	101	0
758	242	0
2011	226	1
1688	45	0
406	93	0
2088	165	1
1887	11	0
857	50	1
1600	15	0
980	80	0
63	50	1
66	84	1
29	5	1
456	165	0
427	32	1
1492	172	1
1159	233	0
573	179	0
1291	110	1
1560	138	1
1014	87	0
1104	77	1
814	191	0
465	198	0
134	53	1
682	48	1
1712	289	0
2013	52	0
776	94	1
1299	140	0
2052	185	0
1573	142	1
1440	130	1
643	285	1
1316	123	1
1560	44	0
403	206	1
1398	26	1
834	15	0
1258	146	0
1464	132	1
1909	222	0
795	49	1
839	233	0
1937	220	1
976	13	0
105	185	0
762	242	0
47	207	1
2219	234	0
804	248	0
655	15	0
417	135	0
1704	96	0
1256	77	0
627	139	1
281	297	0
1202	16	0
424	22	0
471	284	0
95	279	0
1745	161	0
439	40	1
1677	169	1
1901	154	0
1050	269	0
945	61	1
531	118	0
1853	211	1
994	72	1
1154	93	0
298	8	0
321	50	0
2302	63	0
1066	77	1
1273	105	1
1195	264	0
122	171	0
1475	291	1
61	78	0
8	231	1
1804	14	0
1199	143	0
362	35	0
1389	242	0
419	272	0
1063	263	0
706	162	0
425	21	0
942	268	0
103	48	1
1138	198	0
736	46	1
967	64	1
1974	261	0
1801	194	1
1647	156	1
445	268	0
878	77	1
1934	220	1
414	122	0
1638	267	0
63	7	1
1519	153	0
2326	298	1
1637	70	0
1811	174	0
453	76	1
157	243	1
32	285	0
1849	236	0
1196	54	0
2063	124	0
1696	173	1
66	50	1
2111	170	0
1913	218	1
729	45	1
1143	172	1
636	195	0
1564	34	1
1268	235	0
2214	283	0
1078	297	0
2233	270	1
140	6	1
1	1	1
276	199	0
33	285	1
63	244	1
1686	183	0
442	40	1
2289	283	0
1518	138	1
1999	5	0
2100	278	0
546	167	0
1742	174	1
1548	249	0
386	26	1
518	45	0
1224	126	0
1379	37	0
60	50	1
423	207	1
48	163	1
709	262	1
1766	186	1
15	66	1
1121	218	1
1341	94	1
1219	288	1
888	194	1
1403	26	1
489	34	1
32	142	1
839	144	0
1581	65	0
47	72	1
1737	152	0
110	221	1
899	233	0
688	35	0
38	58	0
1279	195	0
1331	158	0
643	231	0
2277	99	0
1959	251	0
435	178	1
1588	145	1
1039	225	0
2162	244	1
1142	273	1
2141	189	0
459	177	0
308	161	0
527	274	0
901	116	1
30	34	1
732	280	0
607	218	1
773	299	1
1521	138	1
79	7	1
821	218	1
1424	26	1
2073	248	0
1926	220	1
513	34	1
30	132	1
1276	241	0
1078	30	0
328	28	1
1302	112	1
32	124	1
923	138	0
489	97	0
856	50	1
307	91	0
1546	138	1
700	53	0
1784	88	0
1002	72	1
1403	112	0
2281	120	0
1036	77	1
775	186	1
1590	56	0
1573	134	0
1837	210	0
21	286	1
1488	77	0
65	242	0
467	279	0
479	297	0
1660	53	0
1477	134	1
211	16	0
1835	24	0
112	185	0
1474	121	0
415	103	0
713	265	0
464	262	0
1228	297	0
877	174	1
784	226	0
1420	89	0
1057	254	1
1362	25	0
83	50	1
513	48	1
1440	16	0
571	112	0
2328	56	0
516	50	1
1032	252	0
830	76	1
1187	155	0
1696	283	0
1171	31	0
368	86	1
1581	219	0
746	51	0
1759	230	0
1264	153	0
775	90	0
1503	50	0
1545	251	0
1729	14	0
139	265	0
806	50	1
345	8	1
906	5	0
700	48	1
448	40	1
115	193	0
837	76	1
615	34	1
1950	81	0
148	19	1
801	49	1
1182	220	1
1505	186	0
135	99	1
1761	248	0
740	48	1
1514	293	0
1025	177	0
2091	165	1
1967	142	1
1888	211	1
639	132	1
41	5	1
793	48	1
164	6	1
1563	109	0
862	110	1
1687	222	0
128	232	0
755	205	0
1966	142	1
886	53	1
1151	105	0
427	115	0
31	252	1
1942	99	0
1942	278	0
1955	261	0
1406	143	0
724	44	1
87	257	0
2101	201	0
166	218	1
301	89	0
1227	91	1
320	134	1
747	234	0
1485	135	1
1476	116	1
82	50	1
1968	113	0
980	25	0
569	45	0
1638	18	0
599	34	1
1207	68	0
136	137	0
133	123	1
367	185	1
495	174	0
200	283	0
2016	226	1
1823	26	0
966	64	1
2254	159	0
2016	26	0
922	204	0
1329	94	1
733	185	1
2258	214	0
320	145	1
1585	23	0
67	216	0
2277	243	0
511	48	1
1618	196	0
2032	227	1
2152	12	0
1142	218	0
852	50	1
1320	94	1
604	104	0
785	277	0
160	145	0
361	189	0
685	34	1
480	34	1
1262	131	0
521	50	1
867	51	0
1693	249	1
419	33	1
1905	225	1
815	105	1
159	6	1
528	244	0
2183	245	1
532	34	1
79	145	0
1201	91	1
801	50	1
2001	225	1
1297	10	0
8	28	0
985	94	1
1959	22	0
1315	16	0
1359	26	1
203	6	1
1010	76	1
8	245	1
2261	64	0
876	297	0
1757	290	1
2110	165	1
682	34	1
555	34	1
1856	101	0
1649	288	1
2258	83	0
273	6	1
362	26	0
2226	267	1
615	131	0
642	34	1
2300	10	0
1828	206	1
263	165	1
126	178	1
419	167	0
2106	165	1
1918	218	1
1708	174	1
60	181	0
2141	244	1
1559	242	0
101	226	1
595	72	1
621	105	1
891	135	0
103	211	1
1300	61	0
623	34	1
340	6	1
812	76	1
6	209	0
1040	213	0
1099	77	1
1856	211	1
522	34	1
905	9	0
1345	182	0
2045	227	1
257	6	1
472	34	1
1335	165	0
643	50	1
1585	136	0
926	227	1
32	48	1
1662	156	0
1683	281	0
502	34	1
9	48	1
50	58	1
2073	239	0
2131	244	1
1689	139	1
537	34	1
343	8	1
380	189	0
295	14	0
2210	258	1
2225	229	0
64	50	1
285	199	1
403	48	1
600	27	0
1305	114	1
561	86	0
1829	113	0
1149	88	1
824	76	1
2073	165	1
303	144	0
534	88	0
32	218	1
844	132	1
2106	45	0
30	62	1
1695	32	0
527	34	1
16	32	1
556	77	1
2100	165	1
196	6	1
1940	220	1
376	120	0
1836	168	0
1779	86	1
917	188	0
91	7	1
249	215	1
1217	91	1
1833	42	0
953	174	1
1204	91	1
170	91	1
1442	52	0
1018	75	1
525	34	1
458	34	1
810	185	1
839	86	1
772	159	0
2074	165	1
829	28	0
634	72	1
1104	258	0
2001	246	0
2062	195	0
2245	273	1
726	44	1
2018	141	0
808	174	1
214	6	1
477	34	1
2032	98	0
360	51	0
1769	217	1
561	72	1
1794	225	0
1000	86	0
110	244	1
1104	216	0
1163	88	1
1006	234	0
96	40	1
503	34	1
1354	255	0
800	48	1
156	165	1
1370	142	0
922	278	0
574	86	0
431	132	1
2180	68	0
2222	32	0
164	109	0
2088	54	0
243	6	1
1825	205	1
723	59	0
739	74	0
1559	138	1
339	243	1
179	75	0
903	116	1
263	6	1
278	91	0
508	121	0
156	286	1
1569	2	0
395	36	0
1957	174	0
1969	183	0
561	34	1
1377	118	0
49	282	0
322	249	0
939	274	0
131	34	1
1422	237	0
217	242	0
958	212	0
992	137	0
1546	92	0
2257	279	1
1378	244	1
436	244	1
901	205	0
621	218	1
2172	244	1
1655	16	0
2242	26	0
838	153	0
786	49	1
630	21	0
638	155	0
460	142	1
2080	258	0
1794	86	1
1278	247	0
444	263	0
1296	86	1
511	173	1
819	50	1
995	289	0
179	243	1
719	282	0
2170	148	0
602	106	0
30	26	1
1335	152	0
1133	239	0
43	5	1
1075	187	0
1621	252	0
1991	142	1
1726	70	0
47	110	1
1725	185	0
1030	174	1
128	123	1
965	64	1
797	116	0
435	206	0
48	26	1
177	6	1
659	245	1
1653	274	1
2077	259	0
1565	34	1
524	48	1
1242	131	0
546	48	1
591	240	0
1508	174	1
1088	77	1
1445	261	0
2119	216	1
1944	90	0
73	9	0
63	82	0
601	20	0
1109	77	1
1072	132	1
1734	174	1
886	95	0
1220	266	0
2253	274	1
1262	170	0
853	287	0
1759	219	1
800	50	1
794	5	0
919	53	1
498	48	1
2003	225	1
2106	143	0
1972	84	0
1051	77	1
1806	9	0
19	46	0
1695	173	1
704	224	0
809	50	1
671	48	1
844	94	1
767	102	0
2287	155	0
582	75	0
927	299	0
663	229	0
1840	118	0
820	50	1
424	207	0
1251	174	0
544	34	1
280	138	1
149	64	0
59	139	1
545	50	1
443	40	1
1933	78	0
1269	105	1
2038	201	0
1257	219	0
20	132	1
127	178	1
32	267	1
429	32	1
304	6	1
1660	275	0
97	244	1
1402	68	0
2212	260	1
1477	228	0
884	102	0
802	48	1
815	141	0
1317	152	0
302	6	1
32	22	1
2280	257	0
394	28	1
1342	94	1
697	131	0
1134	266	0
1970	142	1
1318	293	0
110	257	0
643	111	1
103	267	1
1849	211	1
125	11	1
2257	180	0
1196	91	1
1075	77	1
1726	239	0
519	286	0
1604	174	0
805	218	1
2305	139	0
59	218	1
822	20	0
1391	199	0
1320	227	0
193	123	0
546	284	0
122	268	0
1175	51	0
926	258	0
912	174	0
1848	198	0
1841	207	0
2289	288	1
790	179	0
50	86	1
577	34	1
453	75	0
98	75	0
278	265	0
931	80	0
497	140	0
388	27	1
218	6	1
2190	81	0
662	7	0
2017	90	0
1157	88	1
1253	34	0
1075	270	0
1154	89	0
1389	102	0
32	138	1
375	98	0
1295	1	0
2171	266	0
1376	26	1
318	145	1
133	18	1
1208	225	1
2027	74	0
1910	218	1
1182	206	1
774	48	1
2089	165	1
2207	242	0
683	50	1
1161	88	1
521	48	1
1631	144	0
733	91	1
1723	91	0
1650	156	1
43	197	0
2185	245	1
1189	91	1
1527	193	0
324	6	1
1704	66	0
62	158	0
2011	142	0
79	50	1
1497	139	1
878	8	0
150	19	1
895	208	0
85	244	1
730	37	0
1706	226	0
325	287	1
413	261	0
705	45	0
1000	72	1
1974	142	1
138	165	1
2000	225	1
405	168	0
1547	243	0
801	48	1
54	5	1
2112	201	0
2031	227	1
954	138	1
2170	244	1
954	216	1
519	34	1
2029	229	0
2132	32	0
2103	155	0
891	116	0
1234	288	1
2092	66	0
330	6	1
2067	187	0
2097	81	0
228	6	1
710	48	1
1235	288	1
355	6	1
1888	222	0
668	206	0
2301	23	0
198	6	1
2305	288	1
1874	211	1
1329	196	0
1694	67	0
343	13	1
1568	87	0
475	48	1
599	142	1
2017	280	0
685	28	0
855	180	0
460	34	1
1769	165	0
1815	117	0
351	3	0
2075	16	0
12	178	1
785	48	1
1893	226	1
814	285	1
431	221	1
1772	72	0
1644	237	0
1495	138	1
673	50	1
786	48	1
916	62	0
320	6	1
1472	134	1
94	34	1
1058	198	1
392	138	1
980	101	0
1488	135	1
707	15	0
1119	77	1
210	6	1
584	260	0
1033	242	1
904	170	0
1064	165	0
2088	83	0
1397	200	0
1187	91	1
407	116	1
278	54	0
671	127	1
1308	115	1
394	15	0
1121	65	0
705	34	1
21	132	1
901	37	0
866	50	1
976	131	0
36	5	1
289	6	1
78	244	1
1293	109	1
1217	19	0
784	48	1
167	233	0
418	191	0
175	182	0
1554	166	0
1759	182	1
545	34	1
806	250	0
627	94	1
1506	138	1
46	227	1
1195	288	1
32	94	1
41	120	0
1728	108	1
1298	109	1
1171	145	1
318	218	1
1083	11	1
410	107	0
772	79	0
2232	189	0
506	34	1
1674	169	1
1597	145	1
1810	72	0
58	44	1
198	120	0
1075	15	0
1602	178	0
1801	266	0
920	14	0
441	40	1
1828	58	0
1210	259	0
1544	259	0
1695	224	0
1848	197	0
585	44	1
571	132	1
1641	7	0
482	286	0
97	109	1
95	272	1
637	218	1
161	121	0
2030	227	1
303	265	0
811	50	1
1505	8	0
1708	68	0
1477	158	0
836	50	1
1544	138	1
1061	77	1
1781	24	0
344	6	1
1988	142	1
795	48	1
1158	116	1
777	48	1
491	34	1
384	193	0
2085	8	0
923	91	0
37	48	0
403	34	1
1014	75	1
258	242	0
730	272	0
1540	211	0
19	6	0
1397	89	0
1258	199	1
328	264	0
461	202	0
2080	45	0
571	49	1
1506	230	0
1101	77	1
1596	145	1
1769	233	0
734	45	1
104	27	1
1731	132	0
1530	217	0
20	45	1
1246	100	1
1762	285	0
35	9	0
762	161	0
483	50	1
1829	225	1
1483	206	1
1680	283	0
1363	26	1
250	103	0
514	34	1
242	12	0
47	77	1
446	191	0
145	19	1
1955	277	0
225	43	0
436	271	0
500	50	1
431	63	1
1286	0	0
307	138	0
1123	218	1
478	137	0
898	53	1
384	21	1
1736	295	0
756	74	0
462	34	1
339	125	0
103	178	1
1594	179	0
160	165	1
2266	283	1
874	191	0
1215	263	0
1185	91	1
1844	211	1
313	158	0
465	138	1
515	50	1
426	221	0
76	50	1
1932	45	0
800	218	1
2157	69	0
1317	10	0
2140	133	0
2074	169	0
987	218	1
1893	218	1
1505	155	0
1226	91	1
2202	267	1
1078	77	1
863	50	1
259	160	0
719	34	1
82	287	0
2088	166	0
975	283	0
1579	295	0
243	132	0
8	50	1
2057	289	0
581	34	1
276	11	0
308	268	0
1329	225	0
928	227	1
131	15	1
978	226	1
381	25	1
1116	109	0
1471	116	1
1176	90	1
176	196	0
338	6	1
445	40	1
1404	26	1
291	6	1
255	6	1
1264	102	1
1004	286	1
1555	138	1
834	50	1
2271	255	0
246	6	1
2147	244	1
2250	273	1
1227	32	0
306	6	1
82	233	0
2034	77	0
1580	154	0
422	34	1
2123	240	1
1683	139	1
2177	142	0
1154	181	0
41	150	0
161	38	0
1048	77	1
180	6	1
337	260	0
2104	165	1
1790	39	0
1920	92	0
2055	139	0
640	34	1
785	49	1
659	69	0
2048	41	0
1987	1	0
782	48	1
2272	61	0
1961	73	0
1819	146	1
1101	149	0
657	76	0
1146	24	0
707	48	1
353	189	0
11	77	0
539	92	0
530	77	1
995	72	1
314	88	1
576	278	0
206	6	1
2221	225	0
476	48	1
755	48	1
59	244	1
47	112	1
1218	91	1
128	136	0
620	34	1
582	174	1
171	6	1
1357	189	0
1982	240	0
1658	44	0
593	64	0
90	226	0
998	105	1
962	278	0
1705	137	0
65	244	1
241	2	0
47	198	1
411	30	1
476	50	1
32	49	1
1643	151	1
1485	139	1
887	134	1
1849	256	0
66	226	1
203	239	0
1386	26	1
1601	230	1
1929	132	0
1791	5	0
2042	227	1
1478	134	1
1834	209	1
2050	292	0
165	107	0
731	45	1
2209	244	0
963	64	1
687	195	0
263	280	1
526	254	0
638	132	1
1502	96	0
3	3	1
116	41	0
1945	288	1
91	34	1
1250	88	1
1539	71	0
109	211	0
82	7	1
2237	136	0
438	187	0
47	34	1
1504	138	1
295	201	0
845	236	0
70	50	1
50	288	1
2134	283	0
48	76	1
791	133	0
1029	142	1
2294	288	1
935	58	1
1126	105	1
2129	3	0
73	50	1
1915	192	0
1203	260	0
1265	148	0
1669	238	0
988	218	1
1438	49	0
1307	114	1
97	175	0
715	113	0
784	221	0
415	81	0
1096	214	0
175	6	1
2151	244	1
685	48	1
490	34	1
530	34	1
1871	282	0
30	5	1
539	220	0
1580	144	1
1023	0	0
958	64	1
716	74	0
104	139	1
2154	275	0
469	197	0
1068	77	1
1362	187	0
2312	290	1
1929	107	0
911	213	0
1741	198	0
1199	91	1
939	127	0
156	215	1
999	214	0
1997	56	0
251	253	0
858	76	1
332	88	1
464	34	1
961	205	0
1493	31	0
747	48	1
47	48	1
162	93	0
1317	0	0
1335	58	0
860	50	1
1742	232	0
686	154	0
749	295	1
221	6	1
1597	37	0
837	50	1
1737	155	0
526	50	1
382	90	1
1391	143	0
892	270	0
1709	174	1
108	87	0
2065	165	1
1212	249	0
147	275	0
399	31	0
221	30	0
1001	72	1
1211	20	0
2021	249	0
982	66	1
470	34	1
225	295	0
804	218	1
1057	198	1
1437	285	0
759	226	0
1927	299	0
29	71	0
1094	77	1
47	5	1
170	133	0
2065	136	0
83	34	1
605	165	1
320	247	1
569	34	1
328	6	1
1006	102	0
2038	227	1
57	19	1
1267	244	0
881	273	0
157	6	1
607	105	1
2178	265	0
825	76	1
1122	105	1
1562	138	1
456	50	1
972	240	0
103	173	1
2144	5	0
911	116	1
1388	250	0
1753	238	0
556	218	1
329	165	1
832	12	0
1933	128	0
32	73	1
1486	135	1
95	34	1
2325	200	0
1358	26	1
1086	77	1
1249	241	0
2043	227	1
1674	197	0
50	34	1
1675	277	0
1608	148	1
1028	142	1
153	48	0
1013	279	0
1730	294	0
368	50	1
614	159	1
2152	244	1
44	273	0
95	118	1
106	86	1
367	285	1
487	76	0
1605	147	1
1567	294	0
1459	169	1
495	41	0
1430	11	1
634	58	1
8	132	1
1145	85	0
2102	165	1
1570	82	0
1294	43	0
1180	91	1
1663	159	1
1549	138	1
1660	163	0
2255	8	0
84	244	1
110	6	1
932	55	1
1032	77	1
2177	244	1
2148	244	1
673	150	1
634	227	1
1797	191	1
1513	138	1
47	32	1
627	266	1
1402	206	0
1193	69	0
2055	145	0
2246	273	1
1106	31	0
1782	36	0
32	7	1
2316	291	1
94	244	1
1674	43	0
927	44	0
2264	232	0
1253	260	0
835	138	1
301	293	0
30	7	1
627	241	0
483	48	1
1469	22	0
1378	198	0
1852	211	1
439	226	0
719	77	1
278	281	0
212	126	0
2069	173	0
226	6	1
538	34	1
253	127	0
1016	75	1
975	148	0
1100	77	1
362	122	0
1993	142	1
1550	36	0
1120	170	0
1111	263	0
139	69	1
1097	143	0
1569	16	0
2159	255	0
877	50	1
1457	132	1
1326	94	1
1449	132	1
2302	288	1
732	185	1
2227	267	1
1924	220	1
867	142	1
2250	271	0
228	108	0
1720	92	0
1437	114	0
1184	91	1
1317	221	0
1617	59	0
407	30	1
2276	44	1
1208	191	0
182	69	0
1007	79	0
1409	209	0
177	0	0
2179	163	0
410	30	1
1748	203	0
905	229	0
2013	145	0
1150	214	0
815	94	1
673	255	0
582	34	1
509	267	0
1465	182	0
1117	250	0
1576	268	1
527	91	0
908	72	0
730	45	1
2303	150	0
300	214	0
1514	222	0
1344	132	1
461	34	1
1877	150	0
308	288	1
65	50	1
1291	148	0
628	44	1
1423	26	1
792	137	0
1684	58	0
366	238	0
640	0	0
362	286	0
876	159	1
736	49	0
464	244	1
1268	105	1
390	27	1
597	147	0
46	245	1
1130	218	0
1212	91	1
1688	153	0
1176	108	0
2138	244	1
822	218	1
298	155	0
2300	123	0
2130	124	0
835	244	1
1758	182	1
643	34	1
703	50	1
1029	197	0
980	66	1
1611	148	1
1477	127	0
1055	194	0
2099	165	1
166	6	1
2242	273	1
32	132	1
316	15	0
460	50	1
1138	76	0
197	149	0
173	90	0
1394	147	0
59	73	1
911	217	0
399	28	1
421	34	1
620	0	0
471	216	0
185	287	1
1329	6	0
143	69	1
197	243	1
83	7	1
2177	170	0
1999	152	1
681	34	1
194	250	0
644	272	0
2119	108	0
1710	62	0
615	48	0
94	127	0
1356	178	0
30	50	1
264	6	1
1289	161	0
1761	297	0
680	48	1
1152	279	0
36	195	0
1753	193	0
2258	49	0
2110	22	0
2085	1	0
1746	177	1
230	71	0
1358	218	1
73	161	0
406	30	1
1687	139	1
953	26	1
1683	263	0
1352	13	0
874	218	1
1861	109	0
844	172	1
17	4	1
20	185	1
875	76	1
2211	258	1
663	82	0
1577	128	0
1584	1	0
176	138	1
979	26	0
300	71	0
1120	105	1
849	38	0
183	6	1
392	99	0
152	19	1
610	34	1
973	66	1
695	237	0
138	194	1
459	142	1
2296	288	1
174	158	0
577	294	0
2160	118	0
298	0	0
1179	13	0
28	237	0
1213	220	1
580	273	0
700	34	1
1155	298	0
1179	7	0
1942	220	1
1624	116	1
1444	132	1
417	120	1
784	49	1
2215	142	0
2111	165	1
699	34	1
580	34	1
461	88	0
1563	34	1
886	204	0
136	6	1
946	112	0
732	45	1
486	141	0
454	0	0
1058	221	0
1220	291	1
1686	139	1
1420	26	1
483	76	1
1186	242	0
701	270	0
82	244	1
1696	78	0
1248	95	1
930	55	1
1346	239	0
1093	77	1
2015	58	0
2075	96	0
243	291	0
627	61	1
104	77	1
1657	159	0
643	41	0
321	86	1
623	221	0
1138	83	1
1940	35	0
2189	4	0
237	6	1
1033	77	1
1200	91	1
1493	247	0
1994	142	1
1441	130	1
2263	268	0
953	96	0
2012	226	1
1418	244	0
359	75	0
639	214	0
1	27	0
1965	142	1
14	227	1
1006	280	0
398	171	0
2215	56	0
511	77	1
1433	11	1
211	6	1
67	226	1
643	61	1
388	236	0
1004	73	1
2080	165	1
2009	226	1
1577	163	0
2077	165	1
2121	37	0
62	7	1
705	48	1
676	34	1
613	34	1
369	48	1
934	58	1
1665	210	1
2123	52	0
921	275	0
1435	127	1
993	77	1
1539	40	0
1721	237	0
1710	174	1
325	138	1
811	162	0
1973	37	0
1840	194	0
1486	139	1
1348	94	1
873	218	1
1997	130	0
57	191	0
127	165	1
1601	238	0
1194	91	1
989	67	1
605	132	1
1221	91	1
2202	201	0
132	16	1
1844	259	0
585	116	0
50	91	1
1235	91	1
1086	297	0
1769	86	1
1375	26	1
561	122	0
561	77	1
356	6	1
1345	177	1
1882	212	0
1902	244	0
2102	94	0
1692	87	0
1928	154	0
815	50	1
1763	186	1
1489	135	1
1912	25	0
1289	110	1
565	251	0
2264	279	1
1240	204	0
1556	272	0
938	58	1
968	64	1
104	244	1
829	191	0
106	155	1
1623	116	1
614	13	0
1135	82	1
1475	134	1
1143	259	0
59	7	1
803	55	0
1952	223	1
1897	103	0
894	53	1
1038	77	1
960	184	0
318	8	1
642	90	0
1102	77	1
934	118	0
1508	148	0
1033	211	0
191	254	0
1955	132	1
95	48	1
660	80	0
235	168	0
131	47	1
399	206	1
1497	120	0
2034	227	1
835	174	1
249	20	0
1222	91	1
634	48	1
2025	226	1
1418	151	0
479	135	0
1195	54	0
398	44	0
912	219	0
2065	58	0
354	285	0
756	48	1
1301	211	1
548	220	1
1547	158	0
101	7	1
384	3	0
1187	215	0
776	3	0
398	61	0
2286	287	1
2299	202	0
2307	65	0
201	123	1
1826	249	0
2160	288	0
873	50	1
593	216	0
1003	73	1
361	89	0
1366	26	1
1051	255	0
939	58	1
82	264	0
382	21	0
2185	39	0
128	19	1
136	243	1
464	125	0
1404	1	0
392	62	0
854	76	1
1634	116	1
1620	116	1
1885	211	1
1399	133	0
2287	288	1
1278	243	0
2113	284	0
1828	236	0
479	34	1
885	53	1
237	212	0
1148	88	1
586	34	1
537	291	0
180	123	1
1434	38	0
1731	174	1
1207	91	1
1589	145	1
1767	174	0
674	111	0
1742	119	0
493	87	0
823	142	1
232	6	1
180	243	1
873	116	0
1636	297	0
824	48	0
1949	220	1
410	215	0
1503	231	0
1367	282	0
1292	109	1
320	226	1
2206	111	0
1188	23	0
121	11	1
16	199	0
223	13	0
89	244	1
64	111	0
853	18	0
65	7	1
661	284	0
1403	108	0
1138	13	0
1946	220	1
243	154	0
2237	273	1
113	127	0
1296	67	0
539	34	1
437	218	1
992	297	0
1103	77	1
1403	132	1
1672	256	0
306	162	0
1833	217	0
115	139	1
910	194	1
900	88	1
1700	112	0
119	119	0
1400	198	0
178	277	0
1428	112	0
1923	219	1
2201	267	1
50	252	1
6	3	1
449	97	0
804	50	1
21	246	1
2150	244	1
2255	99	0
1678	169	1
14	4	1
1521	256	1
435	40	1
353	133	0
791	109	1
507	34	1
2262	103	0
863	174	1
1722	174	1
220	6	1
854	159	0
707	50	1
2140	244	1
1388	26	1
1735	174	1
1633	116	1
634	185	1
437	77	1
501	34	1
677	149	0
1203	39	0
1021	180	0
641	132	1
2069	165	1
1213	17	0
847	0	0
1136	73	0
2209	183	0
397	77	1
2153	244	1
1136	91	1
826	50	1
961	64	1
1018	26	1
711	16	0
992	31	0
773	48	1
1723	39	0
573	34	1
158	288	1
809	142	1
621	42	0
513	218	1
549	48	1
2241	273	1
808	257	0
990	16	0
704	66	0
877	138	1
1787	166	0
802	142	1
195	6	1
1647	157	0
1760	182	1
1765	138	0
2034	216	1
772	48	1
567	34	1
421	124	0
1660	161	0
1681	170	1
1061	174	1
499	239	0
1109	134	0
93	244	1
617	34	1
1277	116	0
1996	142	1
634	111	1
1033	142	1
1745	163	0
1590	208	0
149	34	1
549	50	1
1052	22	0
739	49	1
1025	290	0
461	95	0
94	299	0
576	287	0
945	227	1
823	29	0
238	182	1
108	244	1
294	23	0
1580	121	0
569	280	0
377	217	0
293	35	0
211	239	1
169	6	1
2004	225	1
2203	210	0
505	34	1
611	100	0
420	34	1
1420	180	0
716	34	1
1153	181	0
185	161	0
634	218	1
2288	88	0
1828	172	0
2054	65	0
1397	26	1
686	50	1
1626	116	1
643	16	0
1787	86	1
2091	54	0
1744	174	1
177	144	0
1647	28	0
984	66	1
1765	55	0
66	188	1
1714	257	0
2209	178	0
1166	32	0
2153	228	0
77	50	1
2027	282	0
1121	188	0
313	165	1
419	220	0
254	47	0
972	118	0
127	219	1
867	50	1
1486	72	0
1564	268	0
809	282	0
1705	144	0
1112	289	0
1951	258	0
1057	182	0
1357	6	0
1552	33	0
513	74	1
1539	190	0
309	78	0
438	50	1
710	276	0
1319	139	1
475	20	0
1069	227	0
1734	59	0
902	88	1
2097	165	1
1925	199	0
672	48	1
117	9	1
1240	288	1
1020	75	1
174	20	0
2003	13	0
374	1	0
997	64	0
350	118	0
364	117	0
1935	202	0
1306	114	1
1228	288	1
165	6	1
1020	226	1
54	136	0
1740	291	0
802	50	1
424	107	0
1687	133	0
867	73	0
689	232	0
127	61	1
95	50	1
1182	91	1
597	248	0
217	6	1
472	50	1
4	15	0
689	75	0
15	5	1
1330	189	0
1772	267	0
2196	248	1
193	91	1
1353	94	1
1336	51	0
517	34	1
622	34	1
1580	198	0
1552	138	1
2052	70	0
1965	120	0
2202	286	0
1273	149	0
929	179	0
2322	295	1
6	228	0
601	227	1
1540	196	0
1108	77	1
515	76	1
1506	291	0
310	6	1
138	19	1
805	160	0
1575	53	0
1719	18	0
95	165	1
1780	290	0
1211	91	1
822	50	1
207	2	0
872	50	1
1874	226	1
1031	250	1
949	212	0
1249	96	1
111	146	0
560	174	1
811	174	1
1157	20	0
730	114	0
2054	31	0
943	199	0
1069	88	0
236	6	1
809	124	1
1615	275	0
156	8	1
1925	127	0
1879	154	0
165	134	0
1299	111	1
1425	144	0
440	5	0
74	7	1
676	132	1
766	2	0
1389	26	1
1434	11	1
87	7	1
1473	14	0
1654	156	1
1858	211	1
254	166	0
953	138	1
812	109	1
1202	91	1
317	6	1
1983	163	0
474	104	0
1660	55	0
110	165	1
110	49	1
343	91	1
2109	161	0
690	271	0
1972	142	1
176	286	0
32	50	1
1745	218	1
1713	258	0
1743	174	1
466	174	1
500	24	0
2121	240	1
1859	11	0
2254	67	0
423	92	1
458	15	0
1079	94	0
423	138	1
290	135	0
33	36	0
340	202	0
327	157	0
1727	181	0
1317	100	0
2012	154	0
405	228	0
1186	209	0
891	199	0
502	77	1
396	242	0
1198	91	1
367	132	1
2096	165	1
1185	150	0
1828	31	0
413	31	1
2094	165	1
887	282	0
734	277	0
2306	288	1
325	86	1
1049	77	1
407	133	1
1282	271	0
2289	271	0
166	257	1
137	19	1
530	204	0
1598	62	0
136	8	1
1446	132	1
2121	210	0
2179	145	0
1930	69	0
1838	211	1
296	60	0
284	77	1
2026	226	1
516	34	1
1818	255	0
1561	166	0
314	6	1
2115	169	0
190	6	1
2106	91	0
247	79	0
459	157	0
134	241	0
2312	46	0
466	77	1
1138	114	0
1901	218	1
1601	145	1
367	48	1
419	215	0
783	244	1
100	168	0
518	34	1
1814	199	1
269	96	0
50	218	1
1351	138	0
419	77	1
861	77	1
2265	283	1
789	48	1
1752	169	0
705	53	1
474	235	0
2145	127	0
1572	227	1
1621	116	1
1514	104	0
737	222	0
2044	227	1
2037	227	1
688	34	1
253	207	0
1672	123	0
137	8	1
452	43	1
703	38	0
368	22	1
633	76	0
1469	134	1
1596	82	0
231	214	0
232	20	0
1744	179	0
2072	139	0
844	174	1
655	34	1
424	86	1
194	6	1
1611	282	0
634	44	1
1284	110	1
2281	44	1
186	223	0
711	87	0
219	6	1
180	8	1
425	255	0
510	50	1
2324	297	1
1285	219	0
997	210	0
1549	237	0
204	213	0
1768	217	1
1496	138	1
608	34	1
1528	146	0
38	126	0
32	64	1
843	50	1
617	84	0
320	225	1
154	290	0
1857	211	1
755	299	0
2145	244	1
108	50	1
136	288	1
49	108	0
2298	288	1
707	152	0
56	13	1
103	226	1
1693	25	0
1271	131	0
955	58	1
634	108	1
1215	91	1
143	6	1
1405	26	1
1953	134	0
1592	61	0
1353	58	0
740	50	1
2029	138	0
2288	288	1
612	34	1
684	34	1
733	26	0
508	142	0
624	233	0
611	238	0
147	19	1
2092	240	0
2058	227	1
905	249	0
1635	95	0
30	76	1
671	34	1
1465	201	0
537	120	0
128	165	1
566	15	0
401	252	0
459	34	1
520	117	0
2187	245	1
1342	298	0
47	164	1
20	34	1
298	98	0
181	45	0
2319	72	1
1922	73	0
115	261	0
1468	134	1
497	34	1
1135	170	0
449	40	1
1655	160	0
1408	26	1
634	132	1
935	57	1
1861	211	1
1781	281	0
1168	34	0
679	50	1
37	21	0
188	121	0
1012	75	1
1062	77	1
2268	44	1
203	88	0
1652	274	1
1052	77	1
1226	40	0
1170	159	0
550	48	1
79	55	1
2207	257	1
1634	265	0
481	83	0
771	63	0
623	152	0
575	110	1
73	282	0
170	6	1
60	296	0
1058	262	0
862	50	1
1593	145	1
2103	204	0
222	104	0
293	30	0
1499	138	1
495	65	0
1069	5	0
1294	109	1
850	216	0
992	138	1
1742	223	0
76	7	1
1132	78	1
1946	172	0
325	288	1
676	226	1
1097	77	1
1327	94	1
654	140	0
47	138	1
1073	132	1
889	174	1
1739	174	1
1195	20	0
1477	276	0
418	234	0
2070	165	1
334	166	0
1878	122	0
869	50	1
2285	100	0
918	227	1
830	50	1
1831	207	1
154	19	1
1019	26	1
1500	297	0
221	106	0
1576	99	0
614	74	0
1622	63	0
51	5	1
2005	156	0
103	88	1
1324	94	1
607	14	0
166	34	1
68	34	1
1128	127	0
1117	38	0
903	53	1
1273	65	0
624	132	1
1655	156	1
110	50	1
1319	174	1
413	54	0
1160	88	1
369	50	1
2065	111	0
341	6	1
2110	74	0
683	0	0
182	232	0
2180	196	0
1958	265	0
43	174	0
870	50	1
1633	57	0
1337	66	0
1530	138	1
92	85	0
1647	23	0
1671	16	0
1315	71	0
122	11	1
700	141	0
1900	277	0
1894	218	1
202	243	1
2009	215	0
906	86	0
2103	165	1
1930	56	0
2104	283	0
2055	116	0
1351	94	1
830	174	0
637	34	1
605	218	1
462	46	0
1363	203	0
1262	47	0
229	119	0
20	4	1
72	50	1
283	135	0
66	244	1
1053	77	1
700	50	1
2244	273	1
561	283	0
221	251	0
1938	220	1
803	50	1
1355	125	1
304	84	0
731	128	0
2274	44	1
1904	109	0
830	156	0
1226	212	0
1528	138	1
387	27	1
1826	137	0
478	34	1
36	209	0
511	249	0
1852	131	0
1373	208	0
2214	207	0
91	143	0
437	94	1
665	225	0
1949	170	0
1403	218	1
127	174	1
844	227	1
1951	22	0
2063	70	0
840	81	0
312	165	1
2122	1	0
1463	144	0
125	262	0
1153	88	1
1739	226	1
1303	22	0
1319	104	0
1981	142	1
2070	56	0
444	40	1
272	67	0
483	292	0
1610	218	0
1026	174	1
530	256	0
201	243	1
1786	47	0
1737	102	0
1522	138	1
2201	251	0
1194	68	0
1325	236	0
556	34	1
1521	244	1
725	44	1
1007	76	1
652	34	1
1001	261	0
497	53	0
79	31	0
610	105	1
85	7	1
2183	77	0
1201	182	0
825	94	0
1018	226	1
2260	112	1
1924	98	0
491	240	0
550	132	0
434	34	1
96	50	1
1523	226	1
896	53	1
1767	211	0
799	151	0
2243	273	1
2062	103	0
663	209	0
888	267	0
197	71	0
614	142	1
1014	116	1
428	159	1
2033	227	1
719	76	1
2252	268	0
18	4	1
1663	146	0
1579	71	1
1182	121	0
135	191	0
2319	178	0
2307	241	0
374	136	0
1843	188	0
1900	218	1
757	201	0
33	50	1
1708	261	0
538	22	0
504	48	1
1595	145	1
21	11	1
2250	250	0
628	163	0
1483	179	0
2245	223	0
1049	58	0
32	86	1
2293	15	0
1640	150	1
1101	3	0
1982	195	0
1061	219	0
83	32	1
2081	165	1
1489	33	0
1599	74	0
1215	285	0
1863	133	0
33	167	0
690	76	0
1177	91	1
1344	184	1
41	198	1
638	218	1
1740	85	0
84	169	0
1944	220	1
21	163	0
239	280	1
983	66	1
1439	122	0
339	83	0
1223	173	0
1102	146	0
1661	19	0
156	288	1
140	123	1
1612	148	1
1826	238	0
664	37	0
904	116	1
965	129	0
1666	210	1
677	11	0
1503	138	1
476	168	0
1693	61	0
779	155	0
41	281	1
495	34	1
2275	44	1
838	50	1
2315	291	1
1729	174	1
684	116	0
656	34	1
395	28	1
511	34	1
596	168	0
367	102	0
1112	77	1
1591	67	0
1241	120	0
854	50	1
111	7	1
1276	18	0
2301	288	1
298	180	0
1289	99	0
815	165	1
728	44	1
157	274	1
1922	219	1
969	65	1
1476	213	0
527	230	0
880	174	1
1164	88	1
148	287	0
465	34	1
1726	145	0
1964	220	0
1539	55	0
349	171	0
2292	41	0
490	249	0
944	142	1
1403	138	1
1233	145	0
1116	49	0
1021	75	1
1659	267	1
454	63	0
32	76	1
242	28	0
1100	217	0
961	80	0
1061	145	0
1498	138	1
188	6	1
2096	160	0
898	69	0
987	167	0
99	50	1
540	48	1
2179	244	1
831	142	1
481	55	0
115	286	1
343	6	1
886	182	0
1123	86	0
1916	218	1
1469	165	0
372	166	0
1759	273	1
1837	50	0
861	76	1
1120	77	1
2075	130	0
1358	260	0
1761	146	0
917	180	0
21	6	1
604	49	0
1660	116	0
1256	166	0
847	94	1
466	138	1
917	41	0
133	6	1
1287	110	1
1236	139	1
621	142	1
139	243	1
739	299	0
793	49	1
242	92	0
300	171	0
156	243	1
1272	105	1
1620	197	0
47	44	1
1725	174	1
987	66	1
161	232	0
1015	75	1
1878	67	0
2262	79	0
235	6	1
609	34	1
1346	290	0
1283	109	1
110	48	1
360	6	1
673	48	1
1017	75	1
888	100	1
1314	274	0
709	86	1
1171	90	1
2327	181	0
1784	214	0
1767	165	0
1074	77	1
1349	128	1
2024	226	1
361	159	0
345	6	1
1523	227	1
72	91	0
1829	234	0
104	34	1
126	277	0
595	174	1
468	226	1
1786	86	1
1305	178	1
1025	71	0
932	289	0
117	167	0
412	249	0
939	113	0
1798	128	0
1436	86	1
1851	83	0
722	260	0
47	132	1
913	61	0
2270	44	1
515	72	0
585	77	1
1209	143	0
946	61	1
1333	173	0
2087	147	0
2184	132	0
542	255	0
39	104	0
513	23	0
468	14	0
1590	145	1
870	245	0
271	6	1
1908	218	1
2023	226	1
96	101	0
30	44	1
1654	162	0
611	72	1
946	282	0
1354	125	1
474	247	0
303	136	0
44	146	0
696	91	0
963	147	0
651	34	1
501	50	1
265	6	1
129	30	0
572	34	1
403	192	0
47	152	1
1829	207	1
64	244	1
1920	218	1
138	53	1
117	262	0
1020	26	1
87	244	1
308	108	0
259	173	0
954	58	1
638	21	0
193	256	0
1041	77	1
1695	6	0
2000	246	0
103	174	1
2063	103	0
719	205	0
1659	205	0
287	257	0
26	136	0
128	13	1
1256	165	1
1134	275	0
1040	161	0
793	138	0
170	212	0
351	5	0
349	210	0
48	5	1
690	34	1
1160	223	0
2054	227	1
1383	221	0
59	108	1
709	180	1
1787	231	0
1705	193	0
125	209	0
1129	77	1
143	172	0
32	165	1
1842	69	0
1136	82	1
682	79	0
103	50	1
2129	75	0
723	44	1
1441	179	0
128	186	0
1236	91	1
621	72	1
363	182	1
1323	233	0
611	218	1
2037	83	0
2157	261	0
1549	297	1
954	174	1
2011	102	0
119	79	0
659	244	0
2325	297	1
2017	226	1
50	211	1
683	48	1
861	50	1
1735	67	0
1678	96	0
2008	77	0
2161	297	0
104	56	0
2270	220	0
168	6	1
704	48	1
1309	115	1
1229	81	0
517	43	0
163	295	0
105	212	1
800	49	1
1072	77	1
990	289	0
1025	174	1
1406	26	1
1591	58	0
1911	262	0
105	142	1
1059	293	0
1049	109	0
1971	262	0
797	26	1
58	86	1
1597	219	1
170	131	0
1063	91	0
32	226	1
1717	174	1
1351	181	0
1798	108	0
1179	91	1
158	53	1
1580	259	0
1549	142	1
1518	83	0
1750	178	1
636	29	0
103	53	1
887	53	1
575	34	1
1827	295	0
1511	138	1
229	6	1
1293	93	0
1213	91	1
1027	77	1
369	285	1
1893	140	0
1561	138	1
1265	102	1
2209	258	1
916	53	1
32	77	1
1724	174	1
2219	174	0
783	250	0
306	76	0
1364	125	0
843	132	1
1375	240	0
130	201	0
2063	228	1
1483	135	1
1698	279	0
618	60	0
424	94	0
1933	200	0
2173	102	0
655	189	0
2194	72	1
69	68	0
629	242	0
1802	194	1
1155	88	1
1272	73	0
1464	253	0
1518	169	0
825	50	1
664	48	1
1210	227	0
1274	221	0
96	7	1
489	191	0
2009	227	1
1912	47	0
1810	290	0
732	50	1
33	142	1
907	130	0
680	109	0
2	2	1
842	195	0
33	108	1
292	211	0
113	65	0
197	63	0
263	91	0
946	261	0
1981	212	0
767	207	0
1815	172	0
1024	77	1
239	273	1
1264	259	0
1453	116	0
1128	178	0
612	32	0
745	48	1
296	6	1
58	244	1
1344	94	1
159	289	0
824	110	0
1360	62	0
1659	102	0
192	53	0
668	83	0
783	174	1
382	137	0
1069	77	1
440	203	0
1013	75	1
1084	77	1
181	66	1
757	48	1
958	132	0
1007	110	1
801	138	1
706	83	0
102	45	0
709	34	1
951	61	1
502	254	0
2253	207	0
2028	138	0
174	235	0
157	148	1
473	252	0
1981	53	0
676	182	0
50	132	1
383	104	1
1208	148	0
2271	44	1
403	66	1
2103	152	0
1638	134	0
954	219	1
599	245	0
783	48	1
1343	94	1
2272	265	0
1576	76	0
2234	209	0
2214	263	1
1530	187	0
181	165	1
1448	283	0
45	124	1
1818	199	1
456	34	1
1351	56	0
1262	178	1
21	5	1
1957	112	0
50	226	1
15	192	0
110	43	0
250	215	1
722	244	1
2041	225	0
332	288	1
1042	77	1
136	194	1
95	8	1
105	155	1
530	168	0
1396	81	0
1377	26	1
1172	177	0
50	50	1
47	11	1
1611	163	0
2021	10	0
139	8	1
1805	42	0
1906	88	0
1479	116	1
1521	114	1
1018	299	0
480	50	1
290	183	0
1953	132	1
1951	222	1
1590	125	0
1225	56	0
2232	234	0
2263	112	1
1681	180	0
1834	164	0
1213	235	0
314	53	1
96	186	0
733	38	0
172	6	1
2010	226	1
843	76	1
1576	132	1
1738	3	0
2067	165	1
577	254	0
1204	128	0
1639	207	1
779	108	0
1265	44	0
1833	271	0
1780	91	0
2040	227	1
792	49	1
1750	48	0
1422	26	1
2219	70	0
1123	77	1
634	109	1
352	6	1
1731	188	0
662	34	1
280	86	0
475	34	1
2314	135	0
811	27	0
1826	206	1
1314	63	1
1865	4	0
2269	44	1
920	88	1
1790	294	0
839	50	1
1132	177	0
561	174	1
1429	11	1
626	50	1
1689	238	0
2157	244	1
1311	115	1
2115	235	1
397	287	0
502	117	1
1653	245	0
713	120	0
900	54	1
2205	250	0
10	86	0
453	43	1
1416	26	1
1362	299	0
30	105	0
1204	88	0
314	288	1
1583	259	0
574	253	0
817	26	0
934	119	0
473	33	0
1470	294	0
533	34	1
446	50	1
1234	91	1
834	181	0
1373	26	1
2263	279	1
94	7	1
1251	88	1
2229	205	0
155	6	1
128	94	0
910	120	0
1652	156	1
1210	288	1
654	252	0
1490	135	1
95	226	1
176	34	1
659	264	0
889	53	1
1304	206	1
507	270	0
2326	98	0
1246	93	1
69	132	1
318	6	1
884	88	1
41	66	1
949	9	0
375	24	1
87	175	0
636	34	1
801	218	1
2299	209	0
723	79	0
1296	109	1
1249	27	0
1753	87	0
2249	170	0
614	77	1
1388	238	0
70	7	1
241	202	0
1785	266	1
1769	23	0
664	24	0
526	48	1
393	27	1
123	11	1
536	180	0
684	50	1
334	232	0
25	102	0
1517	256	0
1862	211	1
308	53	1
1656	56	0
383	273	1
548	50	1
471	96	0
322	135	0
84	168	0
2079	165	1
37	164	0
161	198	0
918	219	0
38	5	1
1479	208	0
73	244	1
285	244	0
652	75	0
185	6	1
56	19	1
1592	63	0
1225	4	0
204	6	1
707	221	0
715	77	1
1219	91	1
382	201	0
307	165	1
989	49	0
527	42	0
895	53	1
2257	112	1
1983	142	1
1550	138	1
286	6	1
1869	211	1
1415	26	1
1747	95	0
261	261	0
99	244	1
822	29	0
194	287	0
1269	14	0
186	6	1
32	13	0
346	6	1
1748	177	1
954	84	0
1599	145	1
53	5	1
308	59	0
407	291	1
1436	128	1
1672	169	1
2191	187	0
1694	180	0
1400	26	1
2241	289	0
1533	138	1
128	288	1
116	286	1
1659	273	1
145	145	0
1625	116	1
369	185	1
1188	50	0
113	16	0
954	75	1
104	99	1
1847	211	1
2179	226	0
2231	203	0
434	138	1
600	47	0
367	22	1
2	257	0
28	5	1
2085	93	0
1212	183	0
123	119	0
113	77	1
885	225	1
438	40	1
2267	44	1
1348	222	0
601	202	1
1429	188	0
2229	269	1
1458	276	0
929	55	1
1055	283	0
4	3	1
360	260	0
825	257	0
832	77	1
1631	68	0
253	6	1
1902	108	0
1378	193	0
1818	258	0
922	247	0
1871	211	1
2202	130	0
1624	140	0
1963	39	0
541	183	0
1712	174	1
2181	194	0
532	35	0
1035	77	1
883	39	0
627	50	1
10	4	1
674	236	0
412	117	0
1125	105	1
920	295	0
1970	106	0
343	69	1
135	211	0
2073	258	0
1355	273	0
1947	33	0
112	32	1
717	121	0
202	117	0
434	40	1
2008	226	1
1072	227	0
274	6	1
2062	228	1
566	13	0
140	66	0
466	94	1
490	184	0
389	216	0
1462	132	1
178	123	1
1968	80	0
2005	225	1
1854	144	0
85	11	0
2183	129	0
1992	169	0
1230	254	0
2291	288	1
2180	52	0
2120	282	0
182	6	1
424	49	1
1217	261	0
407	288	1
1873	233	0
183	30	0
565	61	1
1860	211	1
345	210	0
51	34	1
2236	49	1
1694	170	0
1129	148	0
1095	236	0
121	50	1
294	6	1
2103	260	1
1027	120	0
2265	165	0
1450	225	0
2015	226	1
389	27	1
1370	26	1
881	13	0
732	288	1
1365	26	1
484	109	0
1349	114	0
272	104	0
1160	210	0
62	6	0
167	166	0
298	6	1
1464	145	0
1814	179	0
2260	124	0
551	34	1
1330	129	0
616	34	1
97	34	1
1784	268	0
698	34	1
1109	103	0
1667	160	1
2120	216	1
2027	237	0
1545	158	0
335	6	1
40	117	0
1754	93	0
676	61	1
32	266	1
1281	109	1
1685	139	1
332	6	1
1827	206	1
689	34	1
582	142	1
2311	288	1
50	220	1
309	198	0
106	212	1
799	49	1
1910	232	1
1630	32	0
543	110	0
889	33	0
2328	222	0
26	5	1
1843	192	0
779	14	0
430	32	1
91	226	1
1286	110	1
1430	116	0
1698	243	0
103	6	1
925	138	1
1494	105	0
874	276	0
1033	216	0
802	139	1
1088	189	0
2254	6	0
1839	232	0
1783	86	1
159	165	1
1723	174	1
1783	109	0
1065	206	0
83	279	1
579	277	0
2139	93	0
951	6	0
934	57	1
364	6	1
1507	138	1
127	50	1
504	50	1
1415	88	0
47	7	1
1443	186	0
1462	142	1
1757	182	1
831	174	0
1036	32	0
1962	223	1
1280	162	0
104	48	1
59	61	1
106	7	1
2310	97	0
1896	218	1
157	63	1
1919	254	0
136	63	1
58	36	1
1666	17	0
47	226	1
103	278	1
1314	14	0
30	33	1
842	142	1
2108	92	0
1161	262	0
1967	194	0
514	250	0
1191	59	0
487	205	0
526	34	1
779	146	0
1034	102	0
137	165	1
1774	260	0
1458	132	1
1152	88	1
820	75	0
417	179	1
11	4	1
32	185	1
208	299	0
430	64	1
1662	159	1
2189	188	0
1030	285	0
1290	242	0
912	275	0
1034	195	0
1221	288	1
624	244	1
465	297	0
1664	164	0
1514	47	0
1513	234	0
113	50	1
456	213	0
211	29	0
1791	233	0
1641	151	1
277	6	1
770	48	1
1477	24	0
1461	208	0
701	48	1
1602	255	0
1373	224	0
1684	5	0
1568	223	0
2221	267	1
638	67	0
1183	100	0
446	40	1
1599	238	1
1644	125	0
1941	23	0
1795	111	0
1531	147	0
1496	136	0
1375	232	0
516	48	1
9	139	1
482	233	0
1888	251	0
2228	68	0
2055	93	0
567	198	0
199	6	1
498	50	1
515	48	1
2317	188	0
1949	107	0
488	50	0
1839	91	0
1624	130	0
665	37	0
1115	77	1
1459	299	0
2292	288	1
1604	145	1
634	134	0
430	124	0
704	109	0
607	34	1
49	183	1
2279	286	0
1066	248	0
839	214	0
1496	19	0
695	187	0
607	77	1
629	142	1
1006	77	1
2185	179	0
2027	47	0
2124	240	1
1732	142	0
68	88	1
663	9	0
634	34	1
809	97	0
329	211	0
145	30	0
1762	212	0
286	199	1
1526	138	1
2070	254	0
1949	10	0
721	44	1
1395	38	0
531	88	0
233	6	1
954	77	1
1034	66	0
56	150	0
1724	79	0
1635	116	1
954	72	1
958	286	0
1518	286	0
1792	86	1
531	221	0
681	261	0
68	50	1
1833	296	0
121	174	1
1803	194	1
2174	194	0
121	240	0
494	48	1
2296	90	0
511	113	1
1357	277	0
1262	123	0
1667	176	0
707	145	0
378	25	1
1505	223	0
605	50	1
1664	210	1
556	240	0
1694	114	1
424	35	1
1467	134	1
2329	60	0
1910	226	1
1251	116	1
2227	261	0
557	233	0
131	211	1
253	283	0
2147	117	0
505	85	0
1389	115	0
1186	274	0
1159	112	0
1518	28	0
2097	105	0
515	34	1
1279	47	0
30	77	1
1612	38	0
0	0	1
512	34	1
1578	178	1
2123	281	0
2111	51	0
544	142	1
1221	227	1
39	5	1
160	142	1
1769	9	0
707	142	1
44	26	1
1240	7	0
2046	227	1
1766	122	0
542	48	1
776	225	0
1975	142	1
1890	212	1
1371	26	1
904	53	1
376	80	0
225	130	0
343	19	1
1611	197	0
302	168	0
802	165	1
1893	69	0
2198	251	1
976	66	1
51	201	0
1490	239	0
1490	114	0
60	7	1
478	143	0
1019	75	1
1007	218	1
985	66	1
1042	25	0
926	210	1
993	218	1
1497	241	0
1973	142	1
663	105	0
49	281	0
1497	164	0
436	174	1
1790	86	1
1295	277	0
1313	118	1
1910	52	0
1911	162	0
855	117	0
2234	271	1
127	297	0
1915	218	1
51	50	1
500	48	1
1180	232	0
1933	180	0
438	77	1
926	91	1
1379	26	1
672	34	1
1939	220	1
990	145	0
2239	273	1
585	174	1
325	145	1
1599	127	0
64	7	1
540	50	1
444	34	1
2166	244	1
1412	26	1
26	131	0
717	104	0
460	132	1
455	94	1
1726	225	0
983	174	0
1403	153	0
21	185	1
344	165	1
584	69	0
568	241	0
1695	278	0
1698	218	1
408	243	0
797	50	1
1114	257	0
2323	297	1
800	176	0
1068	169	0
69	226	1
1079	77	1
13	89	0
2305	268	0
149	118	1
1745	257	0
2326	113	0
1648	156	1
530	174	1
1928	237	0
160	6	1
2051	227	1
1397	243	0
749	211	1
230	6	1
2023	27	0
1965	244	1
320	53	1
671	111	1
1147	223	0
199	133	0
2160	36	0
2111	281	0
976	16	0
1457	245	1
248	6	1
2147	56	0
470	50	1
1021	183	0
1448	132	1
710	34	1
1182	288	1
94	48	1
210	244	0
2135	121	0
782	131	0
1638	244	0
1019	132	1
789	213	1
992	20	0
69	28	1
372	33	0
1128	77	1
135	8	1
205	5	0
1439	104	0
1448	124	0
57	13	1
1867	50	0
423	61	1
140	19	1
1043	173	0
717	34	1
2262	239	0
900	133	1
473	50	1
367	121	1
2159	74	0
804	132	1
179	165	1
1785	244	1
103	94	1
1297	197	0
1186	91	1
661	70	0
606	134	0
600	157	0
327	138	1
556	50	1
881	126	0
832	20	0
227	6	1
931	55	1
1692	172	1
1806	72	0
493	50	1
600	83	0
15	145	0
362	192	0
1467	263	0
776	217	0
624	190	0
32	109	1
1453	132	1
530	110	1
1006	76	1
280	134	0
348	256	0
121	244	1
1110	77	1
1923	58	0
886	88	1
1562	84	0
1150	88	1
50	105	1
2193	72	1
1464	194	0
2130	244	1
725	256	0
1964	34	0
640	218	1
1229	91	1
724	82	0
1904	218	1
1213	221	0
2090	165	1
1066	41	0
2000	248	0
1684	139	1
1600	145	1
51	45	0
795	77	0
1147	88	1
1324	156	0
292	38	0
2253	296	0
829	209	0
444	82	0
1191	91	1
653	69	0
501	135	0
2188	34	0
237	180	0
412	31	1
1972	125	0
58	226	1
1352	94	1
368	285	1
1628	179	0
564	34	1
325	53	1
542	50	1
1363	174	0
746	48	1
74	226	1
487	130	0
664	50	1
309	2	0
367	142	1
508	292	0
73	45	0
2189	88	0
1216	116	1
842	50	1
876	72	1
1665	160	1
1039	198	0
1603	210	0
2219	52	0
99	168	0
135	6	1
676	161	0
526	67	0
1161	116	1
236	245	0
2330	298	1
83	138	1
85	45	0
47	213	1
1826	8	0
1170	90	1
2053	262	0
184	6	1
293	161	0
434	174	1
1359	193	0
732	246	1
14	139	1
63	241	0
953	82	0
1601	85	0
560	77	1
1563	5	0
95	7	1
2208	166	0
597	142	1
1252	60	0
1253	97	1
628	34	1
157	288	1
92	7	1
1569	171	0
84	50	1
453	289	1
1964	142	1
744	48	1
19	28	0
1180	86	0
732	273	0
960	115	0
1858	275	0
1160	279	0
41	42	1
1589	232	0
975	192	0
339	6	1
309	6	1
1334	94	1
238	165	1
1058	287	0
103	7	1
2071	165	1
524	34	1
894	268	0
83	244	1
1407	69	0
74	50	1
455	77	1
2085	165	1
2232	90	0
501	242	0
640	227	1
2255	84	0
1054	77	1
473	34	1
106	226	1
523	34	1
52	176	0
1938	287	0
69	10	0
2279	44	1
725	82	0
403	50	1
308	6	1
531	34	1
2296	148	0
29	55	0
658	227	1
1479	134	1
937	77	1
134	18	1
606	34	1
1765	128	0
1561	274	0
103	138	1
70	244	1
1216	194	1
1193	292	0
1083	207	1
1291	43	0
1856	2	0
925	57	0
1168	165	1
1474	197	0
1304	147	0
799	218	1
1817	199	1
14	169	1
515	77	1
1987	142	1
312	180	0
62	244	1
125	79	0
521	34	1
843	88	0
31	5	1
50	266	1
2303	195	0
2278	179	0
2081	83	0
102	244	1
9	34	1
281	6	1
436	50	1
264	182	1
810	50	1
128	6	1
1335	94	1
2066	18	0
830	115	0
1725	79	0
595	262	0
945	100	0
167	251	0
2109	140	0
647	37	0
1302	287	0
1745	174	1
1572	177	0
192	289	0
1220	148	1
210	165	1
791	18	0
1491	135	1
2317	292	1
1222	93	0
1066	279	0
1257	93	1
732	285	1
14	66	1
594	174	1
513	50	1
1573	130	0
1723	230	0
1815	135	0
321	254	1
1574	21	0
510	48	1
1934	256	0
1044	45	0
1829	247	1
406	53	1
686	48	1
594	105	1
2105	165	1
561	132	0
1801	1	0
2252	273	1
1549	264	0
325	77	1
1145	24	0
1205	78	0
9	50	1
2149	197	0
1229	288	1
111	138	1
1474	134	1
50	109	1
1218	232	0
1721	266	0
1112	242	0
901	88	1
1931	220	1
30	116	0
1115	65	0
392	254	1
1485	143	0
181	6	1
2126	85	0
916	170	0
1217	257	0
1494	138	1
795	237	1
1338	54	0
585	252	0
1468	168	0
1085	237	0
109	7	1
320	207	1
293	6	1
1539	286	0
1158	88	1
1551	138	1
575	94	1
1210	81	0
1708	189	0
2017	3	0
10	62	0
111	34	1
1351	238	0
1136	138	1
777	246	0
1595	232	0
418	112	1
913	170	0
1049	170	0
2125	241	1
848	50	1
30	48	1
1203	91	1
161	165	1
1072	26	1
2066	116	0
1985	117	0
633	34	1
706	34	1
83	205	0
797	218	1
6	287	0
885	94	0
1595	267	1
877	77	1
670	255	0
733	288	1
516	291	0
973	227	0
135	288	1
1344	214	0
801	108	1
423	142	0
136	274	1
1995	142	1
1133	280	1
1260	100	1
874	50	1
1044	77	1
113	6	1
791	168	0
1888	199	0
1127	77	1
585	162	1
87	184	0
594	54	0
334	6	1
137	123	1
160	224	0
825	61	1
572	112	0
368	185	1
749	21	0
482	34	1
1250	269	0
876	50	1
925	53	1
1528	96	0
1280	149	0
86	290	0
1128	142	1
1340	276	0
684	48	1
483	172	0
25	5	1
2130	96	0
86	7	1
1699	243	0
634	86	1
1001	260	0
1034	77	1
2062	60	0
1356	271	0
510	34	1
1655	274	1
850	50	1
1304	114	1
419	48	1
826	218	1
1854	82	0
78	138	1
189	71	0
2113	234	1
1611	110	0
2310	270	0
634	77	1
1915	185	0
1804	118	0
961	287	0
158	6	1
2171	244	1
598	142	1
543	43	0
100	7	1
1595	166	0
2255	274	1
2211	98	0
530	138	1
1928	167	0
1371	1	0
1057	132	1
32	33	0
1295	109	1
1628	116	1
470	215	0
534	34	1
928	222	0
488	34	1
2270	149	0
129	273	0
2013	278	0
597	34	1
743	174	1
501	36	0
47	26	1
92	290	0
614	34	1
97	7	1
717	174	1
1159	88	1
1438	127	1
1223	149	0
1269	13	0
1700	193	0
906	53	1
1697	270	0
1559	21	0
386	34	1
597	105	1
1187	99	0
170	126	0
1694	256	0
1376	234	0
2016	33	0
1660	158	1
475	265	0
1288	110	1
1516	107	0
845	120	0
134	6	1
2207	154	0
1366	87	0
1366	69	0
1803	110	0
1994	29	0
591	103	0
1461	132	1
853	169	0
1271	133	0
1840	161	0
591	34	1
1071	77	1
486	34	1
47	40	1
26	186	0
1898	218	1
1360	190	0
2092	96	0
496	34	1
762	48	1
1935	220	1
491	181	0
264	149	0
372	2	1
116	263	0
438	76	1
1474	166	0
295	6	1
785	108	0
12	254	0
466	262	0
446	227	1
2166	156	0
57	6	1
1493	228	0
1230	288	1
139	223	0
35	5	1
1806	194	1
86	50	1
888	177	0
586	271	0
668	34	1
1584	145	1
14	138	1
32	121	1
32	11	1
2298	171	0
2074	191	0
1849	15	0
2188	144	0
881	50	1
303	17	0
418	252	0
819	188	0
1752	178	1
103	91	1
492	34	1
878	50	1
1093	9	0
1945	220	1
996	222	0
127	93	1
2242	274	1
2248	6	0
1089	210	0
2032	87	0
1529	138	1
2302	0	0
1504	194	0
1407	236	0
163	190	0
327	6	1
1315	122	1
1645	153	1
1300	100	0
1805	194	1
1163	151	0
1497	84	0
1656	270	0
356	54	0
1063	77	1
11	41	0
127	138	1
1345	128	1
1550	297	1
901	53	1
272	6	1
365	19	1
614	269	0
1617	149	1
93	7	1
801	245	1
1236	57	0
511	69	0
475	58	0
711	34	1
1509	138	1
1807	195	1
2034	223	0
1948	220	1
900	53	1
367	159	1
1583	185	0
369	71	0
1073	77	1
2230	270	1
1713	105	0
1734	167	0
623	107	0
978	66	1
1750	157	0
2130	250	0
1008	76	1
599	77	1
55	199	0
1442	158	0
32	252	1
1909	218	1
1797	98	0
1159	13	0
713	72	0
1539	138	1
47	174	1
601	34	1
178	6	1
1143	87	1
2274	190	0
1757	34	0
405	207	0
242	6	1
1008	77	1
160	34	1
1678	124	0
774	290	0
163	254	0
1177	136	0
37	5	1
459	48	1
2202	36	0
1035	161	0
1216	233	0
1561	209	0
66	7	1
1643	257	0
853	247	0
243	229	0
347	6	1
1839	211	1
620	100	0
1858	76	0
1079	200	0
526	233	0
9	211	0
