158	194	1
1590	145	1
2154	85	0
129	14	1
1601	165	1
2222	261	0
613	105	1
1304	114	1
364	198	0
315	248	0
1297	109	1
2280	44	1
630	257	0
480	199	0
1930	223	0
1078	199	0
1089	270	0
774	82	0
1545	138	1
716	129	0
1758	109	0
13	178	1
1114	77	1
2040	30	0
457	34	1
916	53	1
483	220	0
895	135	0
231	176	0
275	210	0
1118	77	1
1767	126	0
254	231	0
546	48	1
1917	218	1
1933	220	1
1721	74	0
247	6	1
2117	267	0
1992	254	0
1635	5	0
561	174	1
1640	88	0
1361	122	0
28	5	1
167	217	0
2044	290	0
1155	248	0
1677	244	1
2214	55	0
885	33	0
103	138	1
214	6	1
643	34	1
1715	172	0
1927	23	0
567	34	1
206	6	1
2100	183	0
1214	96	0
1634	124	0
1076	77	1
946	227	1
1706	90	0
435	50	1
369	34	1
321	281	1
706	34	1
1124	218	1
613	34	1
823	142	1
2102	128	0
1829	225	1
1670	86	1
836	119	0
1608	36	0
44	65	0
1155	165	0
778	94	1
71	7	1
1706	174	1
695	14	0
235	6	1
32	252	1
500	48	1
910	284	0
994	214	0
2061	297	0
383	25	1
1577	140	0
1732	174	1
32	49	1
2139	144	0
910	194	1
708	49	1
635	77	1
682	50	1
306	6	1
2098	181	0
1842	78	0
339	75	0
1939	12	0
460	44	1
1792	194	0
551	27	0
2316	119	0
323	6	1
1778	217	1
1378	244	1
1593	75	0
1187	91	1
1849	104	0
105	142	1
1412	26	1
801	50	1
1140	5	0
1530	103	0
1979	142	1
1078	275	0
1982	31	0
52	206	0
127	139	1
1007	208	1
1546	138	1
2074	297	0
689	50	1
1092	46	0
1223	14	0
2216	69	0
681	50	1
2156	147	0
321	6	1
662	134	0
32	86	1
1513	160	0
174	40	0
186	70	0
1320	94	1
1970	142	1
1713	174	1
614	159	1
1057	254	1
971	93	0
863	287	0
12	168	0
1616	149	1
1213	217	0
1051	239	0
104	7	1
698	34	1
936	203	0
310	236	0
877	174	1
1792	100	0
367	34	1
538	214	0
481	34	1
280	138	1
987	98	0
811	174	1
1149	88	1
2085	165	1
1523	174	1
709	180	1
528	277	0
369	185	1
2033	78	0
68	7	1
911	53	1
739	48	1
307	6	1
1948	220	1
629	77	1
385	53	0
1841	211	1
2149	31	0
830	50	1
917	53	1
1379	65	0
921	228	0
1498	138	1
1344	132	1
626	177	1
1006	76	1
1136	82	1
1872	196	0
829	8	0
1440	269	0
1370	146	0
341	77	0
487	34	1
1645	153	1
1785	266	1
1816	220	0
1018	226	1
700	196	0
435	174	1
243	55	0
1757	111	0
1123	218	1
848	215	0
47	76	1
1660	158	1
103	34	1
990	2	0
1014	78	0
1359	274	0
1057	77	1
677	34	1
1620	116	1
1129	195	0
104	50	1
1589	255	0
135	245	0
9	245	1
765	225	0
385	117	0
1121	70	0
2157	83	0
328	219	0
1803	261	0
542	50	1
2318	292	1
1423	26	1
2122	121	0
42	5	1
30	132	1
467	218	1
2300	3	0
2212	183	0
413	126	0
2083	60	0
1604	261	0
1107	77	1
320	145	1
513	34	1
23	16	0
749	295	1
98	7	1
1937	223	0
470	48	1
170	91	1
1600	128	0
1778	25	0
1189	89	0
634	48	1
84	7	1
136	6	1
1526	138	1
843	172	1
232	291	0
2153	244	1
1447	53	0
1457	245	1
1276	280	0
1283	39	0
942	135	0
90	244	1
91	34	1
841	142	1
498	48	1
332	77	0
72	6	0
1457	269	0
559	25	0
1239	73	0
1717	294	0
1338	168	0
2320	166	0
913	103	1
466	138	1
1884	56	0
660	34	1
30	76	1
1735	174	1
83	32	1
1182	288	1
2223	267	1
984	283	0
1962	127	0
560	174	1
2093	165	1
343	131	0
803	174	1
1482	60	0
497	262	0
2218	126	0
743	48	1
468	94	1
634	217	1
449	40	1
311	267	0
1432	247	0
603	176	0
269	174	0
2067	186	0
1577	46	0
540	48	1
217	183	0
33	142	1
938	58	1
1489	178	0
1621	181	0
77	244	1
1979	182	0
294	76	0
281	236	0
1056	103	0
855	50	1
58	285	1
53	140	0
44	42	0
1449	287	0
1707	174	1
2292	28	0
2288	288	1
2080	165	1
1744	174	1
1090	280	0
2109	165	1
436	299	0
624	132	1
1659	273	1
35	254	0
790	251	0
585	26	1
407	44	0
2104	133	0
1511	13	0
165	6	1
1046	235	0
181	77	1
938	268	0
1645	220	0
1891	225	0
972	66	1
1349	245	1
888	53	1
1183	91	1
1683	242	0
194	135	0
0	173	0
2299	268	0
86	50	1
694	116	0
595	72	1
402	28	1
2038	227	1
2328	190	0
1983	29	0
764	48	1
1653	252	0
1401	26	1
785	49	1
2212	168	0
1730	221	0
819	174	1
1416	168	0
596	77	1
104	34	1
1587	145	1
1404	26	1
1233	165	0
1331	251	0
502	294	0
278	37	0
127	178	1
501	48	1
1901	262	0
1330	14	0
1791	86	1
774	2	0
1243	80	0
2140	103	0
1086	77	1
147	233	0
337	6	1
1310	71	0
1632	116	1
46	5	1
1560	138	1
299	252	0
453	50	1
1798	51	0
1234	208	0
209	99	1
201	6	1
173	6	1
466	94	1
1246	176	0
451	260	0
2078	108	0
1351	94	1
1044	77	1
1990	75	0
918	53	1
436	244	1
92	7	1
480	193	0
294	234	0
2117	223	0
1361	1	0
484	294	0
525	34	1
1874	226	1
1863	60	0
835	244	1
479	48	1
1457	132	1
381	251	0
1412	184	0
753	39	0
2256	51	0
449	34	1
2121	240	1
95	211	1
1521	114	1
738	214	0
2005	203	0
1011	67	0
1232	91	1
1197	164	0
1369	269	0
1540	260	0
217	6	1
401	104	0
850	76	1
1328	221	0
1936	193	0
2136	244	1
1268	214	0
1632	141	0
701	34	1
647	34	1
1122	77	1
1683	46	0
755	269	0
495	148	0
1956	132	1
2162	244	1
32	21	1
63	7	1
1448	51	0
75	7	1
809	50	1
603	88	0
156	123	1
119	39	0
121	142	1
446	40	1
2211	235	0
453	43	1
571	10	0
713	143	0
83	138	1
1861	253	0
1628	166	0
438	40	1
1124	142	1
823	50	1
1519	138	1
33	285	1
1169	8	1
1121	218	1
1822	217	0
2005	225	1
303	209	0
417	179	1
595	34	1
344	263	0
2267	44	1
72	25	0
333	260	0
24	5	1
2234	98	0
1983	142	1
834	272	0
1808	97	0
1316	200	0
526	256	0
1413	298	0
1389	115	0
223	6	1
638	227	1
1796	194	0
1470	116	1
1883	266	0
1386	68	0
10	156	0
1822	220	0
802	48	1
419	76	1
455	34	1
166	34	1
838	65	0
296	6	1
229	81	0
1414	90	0
157	148	1
1407	224	0
2020	257	0
1767	107	0
2202	267	1
1476	134	1
419	115	0
30	50	1
517	34	1
2298	288	1
1228	91	1
510	50	1
330	68	0
491	195	0
1814	49	0
1866	282	0
1161	88	1
2301	290	0
1045	292	0
1363	97	0
1013	229	0
985	66	1
784	110	1
1889	212	1
1151	290	0
171	92	0
478	25	0
1067	31	0
1197	46	0
1475	291	1
796	77	1
575	110	1
1196	236	0
1859	221	0
1305	290	0
546	50	1
34	259	0
816	193	0
963	204	0
935	265	0
539	50	1
47	26	1
2245	91	0
673	34	1
416	177	1
2096	64	0
195	58	0
1047	77	1
1726	174	1
210	277	1
1275	294	0
853	199	0
634	111	1
2197	183	0
549	203	0
1806	161	0
252	263	1
1265	102	1
1215	91	1
690	235	0
57	6	1
2074	4	0
229	6	1
1013	213	0
2198	172	0
1483	223	0
1259	131	0
2124	77	0
340	250	0
741	16	0
1351	269	0
205	173	0
70	244	1
1110	77	1
1549	297	1
1907	218	1
1756	290	1
309	6	1
2069	78	0
21	91	1
847	262	0
2262	112	1
903	68	0
2143	104	0
1285	110	1
359	84	0
2263	140	0
504	50	1
1195	283	0
911	116	1
842	189	0
1049	115	0
222	91	0
746	84	0
526	48	1
202	5	0
78	138	1
926	210	1
1394	26	1
2096	202	0
1392	166	0
851	136	0
431	37	1
1669	132	1
521	227	1
889	174	1
2002	152	0
1320	6	0
483	92	0
1308	102	0
418	130	0
723	44	1
1729	174	1
2295	204	0
1284	110	1
836	76	1
570	18	0
470	34	1
1475	86	0
187	6	1
2009	274	0
855	224	0
513	97	0
1139	63	0
511	173	1
1084	77	1
2197	36	0
403	66	1
59	105	1
67	78	0
206	196	0
1158	88	1
1422	26	1
103	53	1
342	6	1
2001	196	0
54	5	1
164	6	1
1057	198	1
1530	174	1
1735	210	0
1608	256	0
922	237	0
1264	102	1
2031	227	1
47	7	1
2122	199	0
1246	120	0
331	78	0
1428	11	1
2110	165	1
211	234	0
586	262	0
32	220	1
321	86	1
199	276	0
32	7	1
94	50	1
839	86	1
1407	117	0
727	241	0
50	288	1
1765	186	1
1199	66	0
2056	8	0
1641	189	0
1557	138	1
356	105	0
1003	73	1
613	218	1
954	138	1
634	49	1
2324	77	0
1736	241	0
1255	95	0
2322	0	0
1683	139	1
158	6	1
672	50	1
355	6	1
820	243	0
2219	293	0
1698	173	1
1910	232	1
2206	33	0
350	258	0
1427	11	1
1416	26	1
1556	138	1
1560	193	0
386	39	0
1128	142	1
585	162	1
1538	97	0
66	188	1
2111	238	0
2300	212	0
695	238	0
718	104	0
2041	227	1
2240	31	0
1380	249	0
1369	171	0
2273	263	0
489	34	1
935	283	0
323	67	0
641	102	0
1750	149	0
1581	128	0
842	60	0
280	91	1
1100	77	1
1262	101	1
866	65	0
1432	265	0
1236	139	1
275	276	0
183	245	0
700	50	1
608	199	0
928	53	1
2263	112	1
1932	104	0
1963	249	0
715	271	0
73	50	1
1139	132	0
963	64	1
1892	74	0
809	86	1
79	7	1
2121	154	0
91	50	1
1595	273	1
1223	181	0
1328	69	0
805	146	0
1004	73	1
289	281	0
1502	139	1
1219	116	1
410	13	0
167	6	1
893	286	0
409	293	0
871	142	1
1984	142	1
64	133	0
2253	234	0
1803	126	0
38	5	1
594	105	1
1305	122	0
611	218	1
1178	91	1
801	139	1
128	6	1
893	53	1
549	50	1
46	227	1
2009	266	0
1481	116	1
1030	264	0
2279	123	0
281	224	0
2306	288	1
21	288	1
2327	50	0
1151	35	0
233	55	0
106	230	0
1382	92	0
975	272	0
969	119	0
786	48	1
2043	227	1
22	51	0
121	89	0
2228	156	0
1069	128	0
848	175	1
953	89	0
1078	170	0
594	174	1
1840	102	0
1757	191	0
1487	135	1
1511	100	0
1827	249	0
407	168	1
299	108	0
47	34	1
441	74	0
433	39	1
97	225	0
2112	119	0
57	19	1
901	24	0
845	50	1
85	7	1
1117	91	0
2108	177	0
1613	107	0
1227	276	0
1912	218	1
189	141	0
181	54	0
403	124	1
1554	138	1
1397	215	0
158	165	1
581	199	0
1977	142	1
495	50	1
1946	74	0
124	87	0
509	34	1
2200	236	0
1265	31	0
2139	275	0
24	91	0
552	34	1
94	44	1
700	48	1
1653	274	1
965	64	1
1214	91	1
833	129	0
474	34	1
1142	273	1
1016	23	0
2073	165	1
297	175	0
662	176	0
135	8	1
461	34	1
733	91	1
307	287	0
1012	97	0
121	50	1
561	105	1
1615	114	0
2074	165	1
263	56	1
435	178	1
2225	222	0
45	54	0
1408	140	0
1945	58	0
105	50	1
1827	24	0
65	244	1
69	28	1
1588	145	1
150	19	1
166	1	0
141	267	0
466	270	0
851	236	1
1906	262	0
972	170	0
1944	142	0
1275	79	0
1460	133	0
1368	26	1
1458	239	0
541	34	1
680	50	1
871	51	0
431	132	1
927	248	0
769	203	0
1804	182	0
1184	56	0
510	34	1
1739	226	1
516	48	1
813	50	1
246	1	0
622	146	0
394	78	0
1452	260	0
842	50	1
1490	287	0
1648	72	0
935	263	0
701	48	1
1585	145	1
1063	214	0
620	263	0
400	11	0
574	17	0
1027	105	1
458	34	1
1520	138	1
1528	25	0
1227	91	1
67	88	1
1122	156	0
435	75	0
128	133	0
1808	195	1
1121	77	1
456	34	1
1842	211	1
477	160	0
1729	239	0
1543	139	1
1326	94	1
231	6	1
1106	77	1
1491	135	1
863	50	1
2017	203	0
791	49	1
647	44	1
1221	91	1
676	226	1
842	142	1
1644	153	1
1503	201	0
1333	94	1
2060	227	1
1102	77	1
1922	219	1
1119	77	1
212	6	1
548	247	0
722	244	1
16	5	1
1173	90	1
293	224	0
1254	97	1
1958	143	0
1014	116	1
1131	264	1
803	50	1
1268	299	0
20	160	0
1358	174	1
146	26	0
998	77	1
320	247	1
2279	192	0
1631	116	1
1019	132	1
673	1	0
696	161	0
1438	211	1
516	34	1
65	7	1
318	34	1
1940	2	0
288	232	0
1613	55	0
1472	173	0
836	50	1
879	291	0
2076	81	0
99	7	1
1489	82	0
2121	215	0
1509	269	0
395	68	0
801	49	1
1226	91	1
50	86	1
149	19	1
996	72	1
1140	243	0
190	244	0
1568	167	0
1923	219	1
1665	160	1
579	34	1
2171	244	1
319	23	0
740	61	1
662	34	1
423	34	1
1891	39	0
94	34	1
471	34	1
99	50	1
2032	68	0
1838	298	0
634	58	1
65	40	1
1252	151	0
1337	142	1
1192	289	0
901	116	1
559	34	1
403	108	1
368	257	0
1604	117	0
663	18	0
2306	111	0
48	14	1
932	0	0
832	77	1
2163	113	0
2089	172	0
1944	220	1
1323	158	0
594	34	1
1741	221	0
327	68	0
8	218	1
1725	174	1
120	264	0
1694	206	1
1135	37	0
716	34	1
33	108	1
1588	86	0
2136	136	0
1	216	0
96	7	1
1728	108	1
901	88	1
1987	142	1
1948	114	0
645	294	0
1231	258	0
103	94	1
2303	172	0
1319	203	0
1031	77	1
1139	78	0
724	44	1
79	55	1
1041	165	0
1255	97	1
903	53	1
1216	194	1
850	50	1
1492	172	1
127	34	1
339	6	1
1424	192	0
1732	194	0
2178	31	0
1008	77	1
710	48	1
1384	167	0
1760	182	1
531	34	1
1348	148	0
1472	134	1
2103	260	1
95	50	1
2016	152	0
1325	94	1
1143	136	1
1154	88	1
593	8	0
59	244	1
1173	75	0
30	77	1
1225	99	0
1440	288	0
1396	26	1
571	132	1
1777	28	0
792	48	1
1054	77	1
1252	66	0
1599	238	1
41	119	0
376	95	0
59	128	1
1798	165	0
910	176	1
140	6	1
1048	77	1
1183	87	0
1945	82	0
2193	91	0
205	165	1
1307	117	0
21	286	1
33	91	1
1137	225	0
373	101	0
2082	48	0
2138	244	1
1911	218	1
62	244	1
50	252	1
1507	151	0
1395	26	1
948	61	1
418	112	1
1531	89	0
332	288	1
177	34	1
731	239	0
585	218	1
1621	116	1
139	6	1
2123	240	1
796	76	1
1932	82	0
1265	289	0
339	84	0
896	62	0
853	174	1
112	74	0
884	255	0
839	165	0
1469	156	0
712	299	0
517	50	1
311	6	1
175	28	0
737	238	0
860	218	1
1460	132	1
761	294	0
118	135	1
312	6	1
742	269	0
285	2	0
1580	200	0
791	262	0
2179	203	0
1827	206	1
1831	1	0
1747	177	1
1219	288	1
1831	17	0
110	6	1
58	34	1
359	30	0
47	48	1
93	7	1
699	34	1
634	77	1
868	76	1
2003	228	0
2091	15	0
186	6	1
1639	154	1
135	243	1
705	50	1
176	34	1
338	121	0
2088	165	1
1963	18	0
286	84	0
1056	77	1
2176	272	0
2173	244	1
1234	94	0
913	53	1
101	46	0
1087	238	0
1207	219	0
927	40	0
513	50	1
1158	48	0
511	48	1
1246	100	1
756	228	0
1432	128	0
659	152	0
1597	219	1
513	218	1
108	244	1
27	171	0
1844	113	0
589	34	1
1264	257	0
1088	200	0
1887	211	1
463	34	1
871	77	1
904	88	1
1807	126	0
1053	77	1
1567	274	0
213	173	0
494	50	1
646	48	1
273	6	1
521	34	1
1030	174	1
1366	28	0
2290	134	0
1313	82	0
1383	26	1
76	243	0
1602	145	1
470	98	0
1608	148	1
1976	142	1
1364	26	1
1971	282	0
1470	15	0
1355	150	0
1371	26	1
1255	247	0
1065	77	1
630	72	1
910	236	0
634	227	1
1385	176	0
1014	75	1
667	34	1
1834	91	0
588	141	0
32	211	1
248	219	0
1505	138	1
719	130	0
110	48	1
2315	291	1
1767	235	0
520	34	1
849	50	1
232	6	1
873	18	0
284	6	1
566	294	0
1007	76	1
619	274	0
2252	273	1
103	7	1
922	84	0
1405	266	0
136	257	1
262	91	0
1614	199	0
1883	181	0
162	106	0
581	298	0
1463	100	0
1959	223	1
334	6	1
562	77	1
56	153	0
1961	152	0
83	34	1
2314	286	0
374	206	0
889	158	0
852	297	0
147	36	0
544	268	0
1575	143	1
143	69	1
142	123	1
94	215	0
705	53	1
345	284	0
304	88	0
1728	135	0
1244	90	0
1595	145	1
1397	244	1
917	227	0
359	111	0
89	7	1
1958	70	0
932	244	1
255	169	0
1659	218	1
69	109	1
417	32	1
1299	201	0
2125	204	0
560	85	0
1294	16	0
2139	202	0
127	93	1
809	74	0
80	244	1
970	36	0
1291	14	0
1216	232	0
606	274	0
889	53	1
1683	263	0
1367	26	1
1860	24	0
1686	3	0
2034	216	1
318	8	1
872	218	1
2178	244	1
1584	178	0
2015	149	0
1614	1	0
594	196	0
1210	288	1
1741	174	1
361	6	1
2124	240	1
1932	198	0
1179	170	0
2226	22	0
28	256	0
1026	77	1
859	142	1
426	166	0
1573	122	0
2327	298	1
395	21	0
2018	67	0
765	48	1
1207	91	1
2200	17	0
139	69	1
1212	13	0
1780	86	1
135	99	1
1157	88	1
653	54	0
1638	165	0
1025	77	1
470	50	1
310	6	1
1807	195	1
2254	212	0
1357	143	0
926	227	1
307	121	0
1510	138	1
638	283	0
157	243	1
215	6	1
1901	170	0
1433	28	0
1821	257	0
865	50	1
875	77	1
877	50	1
198	111	0
1394	51	0
1508	138	1
1041	77	1
1125	105	1
868	193	0
1234	148	1
804	263	0
385	107	0
873	172	0
59	108	1
1317	123	1
775	186	1
2230	270	1
249	6	1
2	2	1
1475	95	0
547	48	1
789	48	1
20	4	1
1278	259	0
1801	111	0
629	105	1
1135	82	1
13	4	1
1308	115	1
1857	211	1
732	50	1
194	264	0
848	135	0
956	145	0
32	223	1
2151	244	1
21	6	1
121	11	1
2097	248	0
331	97	0
515	50	1
634	175	1
1024	77	1
1343	94	1
1005	76	1
592	34	1
2207	202	0
1810	198	1
1434	256	0
1134	80	1
1172	67	0
1324	94	1
1620	288	1
1317	21	0
501	50	1
232	65	0
1610	164	0
1589	76	0
1750	189	0
184	6	1
524	200	0
16	32	1
1547	268	0
6	187	0
968	143	0
112	32	1
732	185	1
675	174	1
1371	176	0
1384	199	0
873	50	1
80	224	0
545	165	0
1820	260	0
1794	85	0
1075	77	1
935	57	1
1357	199	0
570	34	1
2082	165	1
266	53	0
947	61	1
1738	53	0
2159	239	0
575	94	1
1599	174	0
584	144	0
1639	150	1
1120	77	1
899	53	1
1836	167	0
1958	244	0
1703	51	0
529	262	0
138	194	1
2099	132	0
128	69	1
2017	226	1
1694	114	1
1425	235	0
1461	238	0
103	50	1
2240	191	0
1664	210	1
1586	249	0
2219	75	0
2140	137	0
495	181	0
2259	24	0
1331	92	0
1627	78	0
2243	273	1
795	265	0
1185	56	0
1618	116	1
554	218	1
1570	209	0
530	174	1
1575	135	0
1232	206	0
238	6	1
2246	273	1
1240	288	1
205	6	1
251	6	1
109	7	1
231	1	0
59	61	1
1116	77	1
1910	218	1
103	226	1
314	88	1
1542	231	0
862	109	1
1153	88	1
1588	4	0
946	61	1
766	166	0
1790	86	1
1213	91	1
1063	77	1
2255	274	1
681	148	0
364	6	1
1286	110	1
715	34	1
278	6	1
1150	263	0
1225	91	1
176	6	1
2044	227	1
940	58	1
1435	173	0
327	219	1
1944	112	0
592	264	0
479	34	1
1166	88	1
2115	43	0
1260	267	0
1830	28	0
87	142	1
1546	18	0
883	82	0
640	34	1
393	107	0
1947	95	0
1580	248	0
1156	88	1
2215	268	0
1182	91	1
358	44	1
154	14	0
109	55	1
2295	79	0
2227	9	0
200	6	1
1387	0	0
787	151	0
419	33	1
483	34	1
397	240	0
379	58	0
796	68	0
368	121	1
484	34	1
2278	44	1
1170	107	0
1198	91	1
1099	122	0
1860	84	0
662	239	0
330	178	0
1039	144	0
2316	291	1
543	224	0
551	238	0
1728	130	0
1615	224	0
335	6	1
286	157	0
104	6	1
2185	125	0
1000	17	0
1026	105	1
73	122	0
1801	159	0
2004	239	0
1968	39	0
354	243	1
1251	116	1
708	34	1
1311	191	0
1708	235	0
1980	259	0
1210	131	0
1890	85	0
56	123	1
1027	221	0
2179	244	1
681	199	0
686	18	0
51	48	1
1467	194	1
243	6	1
142	117	0
869	259	0
366	20	1
2305	196	0
495	48	1
2267	271	0
565	34	1
50	5	1
1838	290	0
2104	72	0
1337	275	0
1992	142	1
1817	126	0
1366	225	0
2132	204	0
1706	2	0
1166	193	0
2090	257	0
471	235	0
1666	285	0
324	33	0
962	151	0
2066	172	0
159	31	0
2305	101	0
325	138	1
59	73	1
424	35	1
240	281	0
757	48	1
2057	227	1
403	28	1
460	99	0
634	34	1
103	39	1
2140	2	0
325	86	1
430	32	1
541	48	1
711	34	1
1527	89	0
750	85	0
1652	201	0
451	219	0
1945	183	0
1943	158	0
1976	82	0
856	50	1
596	34	1
104	211	1
423	61	1
143	6	1
357	149	0
1949	112	0
112	7	1
58	7	1
868	77	1
108	50	1
797	266	0
1196	91	1
1377	26	1
79	10	0
407	288	1
888	60	0
2013	240	0
1619	105	0
1516	138	1
1886	211	1
178	243	1
411	285	0
1975	264	0
854	77	1
1435	199	1
2293	46	0
1939	187	0
1515	6	0
103	86	1
1386	271	0
2255	186	0
1829	247	1
745	167	0
672	34	1
2198	191	0
2126	205	0
1187	148	0
64	7	1
196	15	0
1267	65	0
1107	144	0
390	292	0
502	34	1
638	132	1
1763	265	0
534	34	1
1347	94	1
176	138	1
1799	193	1
611	34	1
136	288	1
1803	71	0
21	132	1
695	34	1
2066	165	1
1333	30	0
1322	94	1
2033	227	1
20	185	1
313	6	1
2226	252	0
536	133	0
277	6	1
59	218	1
1731	174	1
733	185	1
587	30	0
1013	247	0
1281	267	0
1816	109	0
1457	156	0
1166	116	1
1506	138	1
417	246	0
160	49	1
2029	227	1
1203	71	0
47	102	1
746	297	0
2111	165	1
1589	183	0
359	6	1
1693	156	1
1085	235	0
1907	140	0
2305	288	1
843	282	0
524	103	0
1689	272	0
1706	267	0
1146	88	1
103	257	1
1047	292	0
2200	118	0
972	277	0
1094	147	0
1023	75	1
66	50	1
884	266	0
1053	214	0
1647	169	0
20	288	1
2325	143	0
1447	171	0
1558	182	0
563	31	0
1050	77	1
30	11	1
464	34	1
631	34	1
2002	15	0
281	6	1
1693	12	0
1939	220	1
19	148	0
76	50	1
1071	151	0
1614	251	0
166	39	1
1030	77	1
797	48	1
336	138	0
640	218	1
212	262	0
598	77	1
305	288	0
1746	177	1
1097	77	1
915	53	1
351	7	0
1964	142	1
1492	42	0
1284	210	0
86	17	0
1744	39	0
708	142	1
2009	127	0
265	6	1
1972	142	1
995	46	0
1927	207	0
2033	299	0
1491	14	0
1973	176	0
1474	5	0
1701	199	0
1909	280	0
511	50	1
103	165	1
510	94	1
417	120	1
1301	207	1
1451	39	0
1251	88	1
313	165	1
1237	284	0
216	14	0
544	34	1
66	7	1
2313	290	1
740	48	1
1161	116	1
1225	293	0
637	218	1
374	11	0
1726	200	0
1756	252	0
1655	36	0
2083	218	0
1317	235	0
127	76	1
545	48	1
1440	130	1
924	53	1
1258	204	0
1425	249	0
1135	245	0
128	165	1
802	108	1
953	138	1
2284	248	0
172	6	1
1152	88	1
1592	145	1
1511	138	1
1158	116	1
30	33	1
1348	267	0
524	34	1
1039	77	1
2233	148	0
21	138	1
510	79	0
1122	105	1
1708	30	0
1238	279	0
437	40	1
765	122	0
284	148	0
110	50	1
1253	97	1
69	299	0
1011	16	0
659	34	1
875	76	1
1448	132	1
9	139	1
169	6	1
58	50	1
747	48	1
1641	12	0
1709	218	1
905	216	0
1473	116	1
1661	159	1
698	224	0
2091	165	1
0	72	0
1140	249	0
1550	280	0
505	34	1
1571	247	0
1083	109	1
163	218	0
1926	11	0
1312	90	0
20	34	1
1339	94	1
771	209	0
528	34	1
1660	143	0
1820	200	1
563	77	1
114	12	0
105	217	1
992	10	0
645	50	1
2241	185	0
1061	77	1
1349	230	0
2282	30	0
693	271	0
838	262	0
944	256	0
1159	116	1
215	253	0
632	87	0
812	50	1
1924	220	1
1577	243	0
588	89	0
21	4	1
1107	270	0
1692	115	0
303	6	1
822	218	1
1380	88	0
901	53	1
1451	132	1
1761	65	0
1495	138	1
1149	94	0
815	94	1
789	75	1
131	32	1
643	61	1
1639	207	1
895	127	0
5	190	0
262	9	0
132	23	0
99	251	0
320	53	1
456	48	1
802	142	1
1722	174	1
1935	220	1
248	296	0
32	121	1
1931	24	0
2194	72	1
854	76	1
2069	162	0
1319	94	1
1567	34	1
471	272	0
2067	222	0
634	132	1
2200	60	0
1998	172	0
821	256	0
634	108	1
1544	273	0
374	24	1
180	163	0
797	50	1
1372	68	0
333	285	0
1438	166	0
2200	253	1
1479	279	0
2065	253	0
50	218	1
846	50	1
1873	90	0
892	134	1
72	50	1
1245	125	0
657	34	1
508	34	1
30	26	1
1790	56	0
806	298	0
1769	86	1
1074	77	1
70	34	1
20	5	1
1605	147	1
1343	230	0
49	5	1
1612	242	0
847	94	1
47	207	1
826	50	1
2064	79	0
1915	218	1
751	266	0
2135	84	0
877	26	1
68	48	1
188	204	0
515	122	0
1172	283	0
1238	91	1
12	273	0
1420	207	1
1770	78	0
32	5	1
331	9	0
8	7	1
47	50	1
1019	227	1
722	39	0
2109	249	0
879	288	0
14	77	1
211	6	1
1391	26	1
966	219	0
1101	156	0
1265	263	0
1298	144	0
2185	135	0
50	58	1
363	182	1
82	50	1
1285	109	1
1926	238	0
1276	228	0
1772	86	1
1565	34	1
297	67	0
448	123	0
1434	83	0
2269	16	0
1634	116	1
1769	217	1
1319	174	1
1245	165	1
530	94	1
1503	264	0
1209	49	0
212	185	0
1238	233	0
407	291	1
236	6	1
1595	157	1
2059	210	0
920	88	1
47	110	1
32	142	1
1361	224	0
576	143	0
1235	4	0
1531	138	1
1415	26	1
1511	68	0
1355	125	1
1098	91	0
288	97	0
877	138	1
151	11	0
1564	170	0
688	48	1
1786	16	0
1767	249	0
612	34	1
200	260	0
493	265	0
887	194	1
537	269	0
9	145	1
80	7	1
285	6	1
291	6	1
635	211	1
2005	101	0
406	68	0
827	218	1
1553	85	0
1012	244	1
386	34	1
2055	200	0
395	189	0
2171	246	0
346	247	0
1210	245	0
201	179	0
224	6	1
131	47	1
1016	75	1
848	50	1
156	215	1
33	50	1
762	48	1
850	68	0
196	177	0
241	6	1
1172	90	1
806	50	1
1378	84	0
1030	105	1
2104	265	0
2191	125	0
1267	220	0
1023	189	0
1808	26	0
1185	91	1
1880	211	1
2268	129	0
531	199	0
47	109	1
22	228	0
1019	75	1
358	91	0
2303	288	1
609	218	1
1165	116	1
1497	3	0
2311	288	1
802	218	1
511	24	0
2021	122	0
1173	40	0
36	5	1
1179	175	0
1355	130	0
702	50	1
123	11	1
281	64	0
196	87	0
1859	211	1
2107	158	0
1148	88	1
2241	279	0
129	34	1
881	77	1
1217	183	0
180	288	1
2111	266	0
1390	65	0
103	49	1
2201	253	1
329	196	0
760	48	1
1397	219	0
456	50	1
300	212	0
1038	231	0
763	48	1
785	48	1
1619	48	0
2172	134	0
136	63	1
105	61	1
286	190	0
97	269	0
634	218	1
1700	166	0
480	19	0
527	75	0
1649	148	0
106	212	1
1216	91	1
1487	194	0
445	40	1
465	138	1
420	34	1
127	61	1
1883	211	1
2131	244	1
1936	137	0
635	168	0
105	7	1
1808	86	0
2181	122	0
883	88	1
1721	272	0
510	182	0
118	17	1
240	173	0
1850	17	0
825	76	1
661	294	0
2296	207	0
1655	274	1
867	146	0
2189	257	0
1392	26	1
1576	132	1
1268	174	1
283	16	0
759	48	1
69	132	1
1733	224	0
321	42	1
1406	26	1
704	160	0
419	48	1
2063	228	1
862	50	1
138	19	1
877	76	1
737	283	0
1905	218	1
127	138	1
1238	290	0
1759	219	1
1694	55	0
1159	216	0
599	199	0
840	50	1
1912	269	0
806	249	0
526	34	1
1724	60	0
1104	77	1
876	195	0
992	70	1
878	77	1
965	251	0
1090	77	1
142	47	0
1405	298	0
603	194	0
696	274	0
1374	29	0
76	244	1
829	50	1
350	139	0
1750	178	1
389	207	0
989	67	1
1004	148	0
252	6	1
59	34	1
3	177	0
1033	86	1
2229	164	0
2002	225	1
556	34	1
1279	92	0
1914	218	1
1467	176	1
2095	26	0
103	267	1
878	123	0
1127	204	0
1688	69	0
975	130	0
1816	199	1
2093	52	0
644	34	1
312	165	1
1214	14	0
1993	142	1
508	211	1
1181	190	0
1901	90	0
1499	103	0
179	223	0
627	266	1
2290	288	1
2000	228	0
996	27	0
1180	91	1
1512	156	0
722	145	0
820	292	0
1189	6	0
2069	222	0
433	257	1
571	34	1
823	218	1
2242	274	1
431	77	1
2301	46	0
1841	3	0
1785	244	1
85	146	0
780	149	0
128	243	1
1136	138	1
621	142	1
204	66	0
32	135	1
299	52	0
1754	178	1
1165	235	0
33	288	1
551	34	1
74	226	1
1032	250	1
106	217	1
2296	31	0
2312	9	0
1146	139	0
1967	8	0
460	48	1
1270	297	0
1811	198	1
1411	51	0
1729	197	0
332	6	1
1814	199	1
2278	8	0
876	159	1
1673	29	0
945	215	0
302	128	0
1632	267	1
1086	246	0
30	7	1
202	243	1
239	48	0
322	113	0
367	142	1
1504	138	1
613	103	0
345	194	0
534	194	0
1638	112	0
820	50	1
95	276	1
1007	218	1
2322	295	1
229	211	0
1445	1	0
368	86	1
663	194	0
628	93	0
432	219	0
1626	120	0
822	260	0
1364	151	0
994	146	0
1309	233	0
2253	274	1
2175	264	0
472	142	1
2314	104	0
2155	29	0
121	244	1
1548	268	0
180	8	1
818	49	1
724	145	0
926	53	1
111	69	0
1070	161	0
394	8	0
1413	161	0
143	19	1
67	50	1
812	76	1
58	185	1
1998	56	0
87	98	0
172	54	0
843	77	1
171	6	1
1816	159	0
840	142	1
1882	130	0
445	34	1
526	50	1
194	6	1
1018	26	1
807	50	1
160	54	0
1656	156	1
2181	200	0
177	105	1
1646	99	0
1480	116	1
945	61	1
1583	79	0
113	133	0
124	117	0
14	66	1
886	158	0
334	223	0
2188	131	0
2237	36	0
1248	299	0
280	6	1
50	211	1
2202	50	0
2238	126	0
441	152	0
257	6	1
676	132	1
956	2	0
1222	132	0
1665	210	1
47	112	1
701	50	1
2287	43	0
1816	276	0
59	1	0
894	140	0
1727	174	1
181	165	1
784	107	0
316	185	0
1946	112	0
1388	119	0
287	117	0
499	92	0
581	34	1
1514	203	0
136	243	1
2004	225	1
1667	73	0
2011	267	0
630	105	1
1895	46	0
1202	125	0
274	40	0
1113	93	0
1843	75	0
32	138	1
483	76	1
2237	132	0
1604	137	0
1709	174	1
83	50	1
716	174	1
1111	77	1
43	203	0
322	266	0
2162	103	0
879	50	1
1975	235	0
421	100	0
2243	139	0
1786	240	0
1202	122	0
789	213	1
47	32	1
1262	225	0
88	34	1
950	61	1
128	19	1
511	77	1
390	206	0
560	142	1
1443	131	1
934	57	1
1209	101	0
582	142	1
562	105	1
476	34	1
1778	86	1
1254	119	0
1252	49	0
685	34	1
1139	164	0
2116	139	0
419	77	1
235	63	0
1125	77	1
1908	127	0
2024	226	1
1504	141	0
1523	226	1
188	133	0
110	7	1
1270	105	1
2107	168	0
1013	75	1
1328	88	0
1607	164	0
135	165	1
58	26	1
325	6	1
364	107	0
508	92	0
41	198	1
1975	142	1
688	34	1
725	44	1
381	33	0
2256	239	0
2083	16	0
295	6	1
611	72	1
1413	107	0
127	244	1
1488	32	0
1646	151	0
1658	298	0
1007	110	1
2019	133	0
2143	244	1
365	17	0
1468	134	1
147	275	0
107	226	1
77	7	1
1540	231	0
1787	86	1
178	288	1
981	66	1
1222	91	1
1833	209	1
1016	240	0
1179	32	0
1742	269	0
369	138	1
1498	253	0
634	94	1
459	50	1
262	287	0
1642	148	0
112	244	1
1194	91	1
1615	153	0
1338	94	1
275	190	0
1435	110	0
50	91	1
828	50	1
948	6	0
803	147	0
1980	142	1
798	48	1
249	243	1
904	116	1
103	139	1
368	285	1
502	119	1
2164	135	0
52	5	1
91	298	0
1012	75	1
1893	218	1
127	40	1
1604	145	1
1029	105	1
794	48	1
410	121	0
641	218	1
1712	174	1
645	34	1
2012	226	1
1937	46	0
634	72	1
1008	270	0
1205	148	0
406	207	0
1556	31	0
731	235	0
1192	283	0
875	50	1
71	45	1
628	214	0
357	7	0
1591	145	1
1378	138	1
1265	284	0
585	44	1
1027	142	1
530	77	1
256	229	0
135	123	1
1411	26	1
1799	198	1
2187	182	0
1766	30	0
1711	275	0
30	34	1
1599	145	1
682	48	1
2255	108	0
1223	11	0
1233	191	0
37	5	1
1337	94	1
969	187	0
1182	206	1
1155	191	0
2294	61	0
2238	45	0
2117	159	0
508	69	0
607	34	1
1420	90	0
1812	90	0
867	50	1
788	49	1
2315	223	0
808	50	1
2148	244	1
111	7	1
292	48	0
2228	7	0
1012	6	0
1300	245	0
1241	225	0
826	218	1
1547	65	0
416	120	1
170	273	1
1176	118	0
736	46	1
1618	61	0
1441	24	0
2041	181	0
624	274	0
1598	20	0
149	118	1
1151	293	0
498	50	1
1732	127	0
647	48	1
2029	115	0
2227	6	0
1638	290	0
1647	116	0
885	91	1
2293	174	0
1388	168	0
1649	156	1
103	173	1
498	180	0
815	245	0
955	184	0
1181	211	0
431	221	1
1247	19	0
928	227	1
166	6	1
845	218	1
156	243	1
1988	142	1
508	60	1
1570	34	1
1650	116	0
1088	278	0
1225	217	0
47	213	1
2255	260	0
230	31	0
643	105	1
643	48	1
172	73	0
2037	147	0
1730	174	1
597	34	1
1138	90	0
1778	69	0
811	50	1
283	6	1
858	50	1
1940	220	1
667	85	0
39	74	0
78	50	1
900	83	0
1195	188	0
17	4	1
634	50	1
979	42	0
238	165	1
1404	218	1
1602	219	0
844	76	1
732	45	1
2296	104	0
2101	12	0
624	244	1
2184	245	1
1359	52	0
624	34	1
1542	174	1
1930	220	1
1901	122	0
598	180	0
1119	148	0
155	94	0
109	244	1
1731	287	0
871	218	1
435	238	0
1022	27	0
597	142	1
331	109	0
538	34	1
1072	77	1
1821	205	0
684	48	1
534	254	0
467	142	1
998	105	1
1685	133	0
268	231	0
274	6	1
596	105	1
1388	147	0
249	22	0
945	227	1
1789	103	0
1322	170	0
8	244	1
480	136	0
193	91	1
2173	65	0
871	76	1
1230	288	1
2060	253	1
2036	215	0
119	258	0
2258	187	0
1615	148	1
394	48	0
869	272	0
1726	260	0
1942	220	1
1513	134	0
903	88	1
2043	275	0
769	235	0
2291	52	0
437	218	1
423	138	1
1310	56	0
953	58	1
408	96	0
978	66	1
1610	148	1
1400	26	1
1647	227	0
113	8	1
289	283	0
710	174	1
433	287	0
679	48	1
1759	182	1
978	226	1
485	34	1
2074	129	0
539	48	1
2313	261	0
325	287	1
702	48	1
1631	58	0
658	122	0
1593	233	0
338	6	1
2150	277	0
83	170	0
1908	294	0
1740	174	1
1792	86	1
1367	168	0
876	50	1
1571	4	0
286	6	1
1820	42	0
2189	260	0
1745	148	0
1466	193	0
712	263	0
277	217	0
2142	244	1
213	6	1
81	7	1
86	244	1
1614	33	0
453	289	1
762	181	0
436	138	1
916	255	0
1807	182	0
460	142	1
1304	42	0
732	91	1
573	34	1
144	242	0
703	50	1
680	48	1
1794	86	1
1068	63	0
852	231	0
1476	82	0
191	6	1
802	139	1
1598	267	1
2326	6	0
788	48	1
1534	127	0
2164	247	0
935	58	1
1641	47	0
337	91	1
2142	220	0
178	236	0
167	9	0
1863	211	1
1974	142	1
1157	154	0
81	140	0
2294	218	0
408	135	0
99	244	1
914	50	0
120	218	1
2003	225	1
626	34	1
744	48	1
800	218	1
1630	150	0
2153	176	0
428	183	1
1304	92	0
1022	75	1
2158	1	0
1664	160	1
1308	299	0
954	219	1
801	192	0
1128	270	0
1889	228	0
923	16	0
170	288	1
1766	186	1
1056	219	0
1204	288	1
2312	290	1
1274	259	0
530	110	1
2006	225	1
755	48	1
110	49	1
1030	127	0
2018	273	0
1344	78	0
1605	298	0
203	6	1
561	72	1
549	34	1
1436	86	1
48	5	1
157	63	1
2294	39	0
1770	243	0
1890	100	0
776	94	1
2330	101	0
1971	87	0
186	167	0
1907	245	0
100	50	1
682	34	1
1459	169	1
715	77	1
638	34	1
1261	92	0
994	180	0
2010	282	0
1327	257	0
61	50	1
2171	264	0
1817	199	1
96	244	1
400	79	1
1472	153	0
1892	91	0
2293	70	0
1816	76	0
1546	244	1
654	98	0
2127	270	0
2195	269	0
1331	94	1
1682	139	1
1274	105	1
1333	290	0
2211	258	1
1432	11	1
506	34	1
1804	270	0
2056	51	0
730	230	0
86	7	1
103	278	1
1544	138	1
696	34	1
32	159	1
1424	294	0
32	145	1
1331	56	0
2133	244	1
224	263	0
1515	42	0
2247	39	0
964	288	0
2189	243	1
1967	2	0
1840	211	1
974	66	1
1019	138	1
1975	202	0
90	238	0
62	50	1
426	36	1
87	60	0
1056	134	0
746	206	0
1387	240	0
32	61	1
838	142	1
1012	84	0
1152	271	0
592	84	0
523	297	0
329	91	1
1045	89	0
2213	209	0
2306	84	0
704	50	1
1849	211	1
320	134	1
374	153	0
1077	67	0
803	46	0
1073	132	1
970	280	0
1566	86	1
466	110	1
1114	265	0
251	115	0
503	34	1
1329	220	0
180	6	1
2055	227	1
483	50	1
759	273	0
2018	226	1
2048	227	1
292	6	1
178	165	1
1000	72	1
76	7	1
114	165	1
1924	297	0
1055	208	1
86	8	0
424	48	1
103	44	1
1078	77	1
513	48	1
1417	102	0
222	6	1
95	7	1
2045	227	1
509	60	0
447	2	0
1656	274	1
487	133	0
922	298	0
1613	124	0
662	133	0
839	50	1
1670	151	0
1331	269	0
1685	139	1
2308	289	0
1452	150	0
809	142	1
1133	56	1
708	173	1
1587	7	0
406	30	1
467	149	0
2194	69	0
1899	218	1
1765	136	0
1215	293	0
905	270	0
209	148	0
408	93	0
1993	265	0
485	90	0
1582	174	0
604	34	1
477	34	1
1724	174	1
1820	18	0
608	34	1
684	34	1
275	6	1
717	34	1
2276	6	0
653	193	0
789	63	0
2077	288	0
963	288	0
1876	161	0
563	34	1
985	0	0
106	50	1
954	26	1
1211	91	1
93	152	0
85	147	0
1835	211	1
1252	88	1
1909	251	0
77	127	0
184	269	0
561	142	1
24	168	0
2051	227	1
1758	192	0
14	138	1
1372	88	0
91	7	1
1636	116	1
399	206	1
1762	188	0
2054	227	1
709	86	1
1693	249	1
436	50	1
1060	282	0
1920	218	1
2076	182	0
1330	251	0
1503	138	1
266	262	0
2230	232	0
1253	266	0
939	58	1
50	132	1
590	34	1
567	145	0
535	34	1
120	187	0
140	123	1
866	76	1
198	263	0
573	194	0
992	138	1
1521	256	1
88	226	1
1202	287	0
1241	91	1
9	34	1
1382	239	0
2134	244	1
392	138	1
183	6	1
892	53	1
574	134	0
28	160	0
754	48	1
1178	122	0
1667	160	1
1573	60	0
646	199	0
1309	76	0
406	134	1
1943	220	1
1620	143	0
17	256	0
615	34	1
2059	103	0
267	70	0
2034	227	1
1025	194	0
120	11	1
1280	109	1
1968	142	1
2275	269	0
679	74	0
1521	138	1
774	215	0
1949	226	0
131	15	1
76	277	0
1454	133	0
1427	270	0
1351	13	0
785	34	1
69	7	1
2317	200	0
805	100	0
277	132	0
2250	35	0
1027	174	1
646	34	1
3	132	0
705	34	1
846	61	1
1548	138	1
362	112	0
369	130	0
1440	228	0
1937	220	1
403	34	1
32	94	1
758	180	0
424	86	1
1257	93	1
1758	56	0
821	218	1
1037	77	1
477	206	0
1227	288	1
1691	251	0
112	148	0
472	34	1
475	34	1
656	34	1
1068	123	0
568	34	1
1363	26	1
2265	69	0
2142	181	0
1967	136	0
301	67	0
2079	165	1
438	244	1
1966	123	0
1681	170	1
927	53	1
259	6	1
1346	0	0
2046	143	0
325	75	1
1876	214	0
993	77	1
2032	189	0
383	273	1
1983	260	0
2235	5	0
1649	288	1
624	221	0
870	76	1
2147	244	1
79	50	1
1694	23	0
1605	146	1
582	171	0
2126	180	0
2263	279	1
320	159	1
74	7	1
1537	225	0
1105	129	0
833	218	1
1171	90	1
57	110	0
528	239	0
1601	192	0
556	77	1
94	244	1
56	19	1
1698	218	1
815	244	1
1490	135	1
1821	104	0
1220	148	1
1016	287	0
1083	49	1
328	141	0
1086	299	0
786	49	1
640	227	1
295	177	0
136	165	1
398	63	0
23	214	0
354	6	1
1059	77	1
503	30	0
1283	109	1
1170	206	0
1240	203	0
1305	114	1
794	107	0
791	48	1
1839	211	1
900	54	1
163	6	1
209	253	0
2224	220	0
586	34	1
708	138	1
34	136	0
87	7	1
58	48	1
852	50	1
2286	287	1
288	6	1
808	65	0
1092	77	1
270	6	1
1454	132	1
896	188	0
1663	84	0
1909	103	0
2329	298	1
671	111	1
991	69	1
294	298	0
1820	99	0
459	180	0
27	83	0
2060	56	0
773	48	1
1640	150	1
59	132	1
2249	244	0
888	194	1
1501	240	0
2075	131	0
1633	116	1
2	246	0
1228	288	1
102	7	1
2186	112	0
707	34	1
244	249	0
465	34	1
1078	260	0
1308	211	0
749	241	0
898	53	1
24	16	0
1244	143	0
1064	77	1
1699	173	1
2133	122	0
395	28	1
1563	34	1
50	50	1
2210	258	1
1479	134	1
1220	291	1
337	292	0
434	34	1
202	6	1
1020	26	1
493	98	0
1484	199	0
460	132	1
1802	194	1
1136	91	1
1379	85	0
1691	79	0
1504	238	0
1403	138	1
722	45	1
1708	174	1
67	226	1
179	113	0
2302	12	0
2131	248	0
502	77	1
2062	228	1
250	243	1
60	244	1
2105	165	1
516	27	0
844	74	0
495	34	1
263	280	1
30	297	1
571	145	0
1477	166	0
1516	149	0
1725	270	0
864	77	1
536	34	1
348	6	1
359	134	0
2065	209	0
2003	14	0
773	299	1
611	227	1
1616	114	1
719	34	1
1848	97	0
1518	192	0
1801	136	0
1735	63	0
198	6	1
20	246	1
1477	107	0
2294	47	0
2297	250	0
2129	244	1
1939	2	0
1093	77	1
1601	145	1
689	34	1
481	91	0
56	6	1
1614	11	0
1241	119	0
1153	96	0
60	50	1
884	3	0
901	233	0
1931	220	1
1510	122	0
398	268	0
494	34	1
139	165	1
1028	142	1
553	130	0
134	18	1
186	168	0
338	67	0
201	165	1
64	245	0
114	6	1
1186	165	1
41	42	1
1609	112	0
432	58	1
2112	234	1
561	34	1
8	98	0
443	40	1
219	221	0
1478	291	1
1543	265	0
300	6	1
665	165	0
479	133	0
680	220	0
1297	292	0
1146	163	0
444	40	1
137	165	1
1881	268	0
2325	283	0
500	50	1
250	215	1
627	34	1
1112	77	1
476	48	1
1900	264	0
838	50	1
377	24	1
1658	51	1
47	77	1
1600	145	1
1275	291	0
1450	99	0
135	105	0
693	119	0
124	166	0
707	142	1
1525	218	1
1378	26	1
438	34	1
666	34	1
752	171	0
358	72	1
1485	27	0
103	218	1
2248	71	0
949	97	0
1360	26	1
993	274	0
1885	215	0
356	6	1
643	26	1
891	53	1
19	65	0
696	52	0
2249	262	0
1253	145	0
634	142	1
307	299	0
179	6	1
1022	144	0
1944	177	0
162	6	1
30	62	1
870	50	1
716	82	0
2190	243	1
33	116	1
149	150	0
1269	18	0
627	117	0
1159	67	0
904	53	1
1563	102	0
346	92	0
2056	143	0
139	222	0
1182	44	0
1218	91	1
486	34	1
157	6	1
2317	292	1
2088	22	0
2146	147	0
874	231	0
30	244	1
1554	89	0
2174	246	0
106	7	1
1032	242	1
2234	128	0
719	98	0
2302	39	0
9	50	1
2207	153	0
1269	105	1
421	102	0
1072	18	0
1615	284	0
475	48	1
110	221	1
1045	56	0
1217	91	1
144	19	1
1609	169	0
446	174	1
924	88	1
866	85	0
329	182	1
236	238	0
32	276	1
2325	185	0
763	160	0
2004	247	1
245	282	0
1403	132	1
1585	283	0
380	138	0
1648	177	0
818	142	1
1311	115	1
2058	189	0
938	204	0
120	148	0
2156	1	0
297	6	1
196	6	1
2098	183	0
886	17	0
383	186	0
880	262	0
68	34	1
921	216	1
193	6	1
1062	77	1
883	52	1
1770	86	1
792	49	1
707	211	1
293	6	1
201	123	1
1818	37	0
1433	11	1
343	165	1
1897	218	1
276	61	0
990	81	1
1221	227	1
793	48	1
1083	11	1
1878	200	0
148	252	0
158	8	1
367	22	1
77	55	1
195	6	1
801	245	1
1284	99	0
455	26	1
2217	97	0
1711	174	1
1858	211	1
1227	111	0
1684	54	0
1011	75	1
1209	174	0
2201	267	1
844	294	0
50	34	1
168	6	1
1713	251	0
548	48	1
2250	217	0
414	248	0
264	6	1
1300	280	0
2150	244	1
2115	235	1
137	288	1
808	174	1
276	6	1
2016	226	1
304	174	0
1065	140	0
835	50	1
801	165	1
287	145	1
284	152	0
44	5	1
2089	25	0
2302	212	0
843	141	0
1888	211	1
1721	219	0
29	156	0
255	6	1
652	93	0
127	219	1
1203	297	0
1398	123	0
1439	227	0
1174	76	0
113	6	1
815	165	1
1036	77	1
106	86	1
204	6	1
1754	65	0
855	93	0
367	285	1
2046	282	0
88	7	1
797	49	1
999	219	0
1730	274	0
437	42	1
2231	137	0
522	34	1
1846	67	0
1523	139	1
625	74	0
653	290	0
1603	145	1
436	224	0
28	206	0
863	174	1
1657	51	1
724	102	0
1528	138	1
1776	288	0
340	94	0
1469	231	0
66	34	1
1792	192	0
675	34	1
223	276	0
1369	87	0
2218	109	0
1963	259	0
47	226	1
2056	46	0
2167	244	1
1052	77	1
825	61	1
1873	247	0
1379	26	1
107	7	1
683	50	1
302	6	1
954	72	1
284	77	1
1694	68	0
1526	160	0
2046	227	1
369	262	0
349	34	0
1985	142	1
685	122	0
107	50	1
1799	206	0
342	279	0
1295	27	0
1966	238	0
893	257	0
648	34	1
711	220	0
1316	121	0
1891	206	1
1194	50	0
2097	238	0
871	283	0
1719	174	1
1846	151	0
314	6	1
1566	198	1
497	87	0
1553	138	1
1926	234	0
839	241	0
2146	113	0
2149	244	1
1942	267	0
2183	89	0
869	218	1
1202	267	0
729	224	0
343	91	1
1838	27	0
336	6	1
767	46	0
2096	165	1
668	193	0
891	25	0
6	91	1
603	149	0
948	83	0
150	63	0
795	49	1
324	223	0
240	145	1
2077	233	0
1171	145	1
2157	244	1
2314	291	1
778	176	0
1507	138	1
1902	54	0
871	147	0
718	167	0
90	7	1
1546	156	0
1334	94	1
1898	218	1
1249	70	0
1468	194	1
1232	72	0
2100	81	0
1741	218	1
858	54	0
51	34	1
1449	132	1
1770	149	0
50	177	1
1709	136	0
1939	31	0
1768	30	0
1001	127	0
343	69	1
1477	201	0
1493	26	0
50	220	1
1739	85	0
294	70	0
587	34	1
1869	27	0
2006	247	1
1712	182	0
130	94	0
820	147	0
528	27	0
1428	262	0
1046	77	1
1569	34	1
1439	130	1
1787	220	0
793	49	1
14	169	1
58	132	1
58	226	1
1084	196	0
2306	199	0
344	6	1
902	53	1
881	292	0
2010	226	1
678	48	1
1601	230	1
1842	24	0
2019	70	0
634	86	1
1299	172	0
1346	94	1
546	34	1
31	58	1
1029	249	0
949	277	0
1245	93	1
789	49	1
322	291	0
1022	131	0
32	139	1
1686	139	1
24	69	0
1584	247	0
85	244	1
362	41	0
2232	270	1
1460	102	0
449	50	1
66	84	1
1330	219	0
898	68	0
1039	265	0
2003	268	0
943	119	0
896	56	0
1035	117	0
1392	30	0
1120	31	0
0	47	0
221	1	0
98	244	1
220	226	0
1736	174	1
1384	0	0
2052	283	0
394	26	0
642	67	0
1623	227	0
1912	206	0
1338	116	0
1647	252	0
1328	90	0
386	224	0
2124	19	0
2113	219	0
2182	84	0
1281	200	0
1436	220	0
459	48	1
1467	134	1
1279	109	1
904	3	0
2144	244	1
1045	53	0
11	178	1
186	159	0
277	73	0
345	8	1
1259	99	1
2237	273	1
1629	38	0
2328	191	0
1784	86	1
497	224	0
473	34	1
1241	276	0
936	267	1
1182	220	1
843	50	1
624	127	0
2193	72	1
1739	174	1
352	194	0
1643	151	1
2188	243	1
1426	160	0
103	182	1
104	77	1
2025	226	1
31	5	1
1195	240	0
563	173	1
93	244	1
2265	283	1
109	50	1
126	104	0
1147	88	1
1646	113	0
850	28	0
1866	51	0
95	165	1
179	243	1
429	32	1
550	50	1
1058	198	1
134	123	1
1869	184	0
2212	118	0
710	50	1
560	127	0
120	192	0
1168	112	0
32	177	1
229	225	0
177	50	1
1521	244	1
990	134	0
2204	159	0
773	37	0
1455	52	0
1130	1	0
182	6	1
583	34	1
614	34	1
1672	240	0
92	244	1
844	227	1
63	274	0
428	285	1
592	218	1
919	7	0
471	288	0
1087	133	0
318	6	1
1574	142	1
505	6	0
323	205	0
601	202	1
2137	244	1
733	288	1
785	50	1
468	34	1
465	174	1
1779	86	1
683	34	1
1906	214	0
1474	134	1
169	106	0
1126	218	1
1762	184	1
1534	160	0
21	5	1
448	34	1
1740	210	0
1488	191	0
1176	285	0
2287	116	0
599	77	1
1935	223	0
820	218	1
1660	17	0
730	8	0
137	8	1
1136	288	1
732	285	1
1865	98	0
1959	189	0
976	130	0
793	107	0
843	240	0
2307	288	1
1571	285	0
2097	165	1
118	10	1
912	116	1
1195	220	1
360	3	0
96	77	1
703	34	1
717	174	1
159	6	1
515	34	1
1548	98	0
805	50	1
1451	1	0
1034	85	0
416	60	0
1477	97	0
1795	48	0
111	34	1
2086	165	1
384	26	1
1950	220	1
1936	140	0
511	113	1
2214	130	0
1999	292	0
232	289	0
1107	176	0
911	228	0
634	138	1
637	265	0
208	54	0
1632	223	0
876	138	1
2168	88	0
544	256	0
469	100	0
1145	88	1
1079	195	0
606	143	0
2154	244	1
2112	268	0
343	6	1
774	8	0
437	77	1
1889	3	0
12	178	1
211	20	0
2092	165	1
802	221	0
1487	139	1
679	50	1
2015	226	1
105	155	1
312	173	0
61	244	1
1804	188	0
325	105	1
1617	72	0
476	105	1
936	58	1
876	94	1
47	199	1
721	143	0
1057	132	1
1304	131	1
1102	195	0
1101	77	1
2104	165	1
316	6	1
620	34	1
732	286	1
598	142	1
698	215	0
880	50	1
386	26	1
1894	218	1
1955	137	0
1894	220	0
57	138	0
2297	170	0
2213	287	0
980	66	1
363	58	0
1155	114	0
2182	204	0
1603	210	0
1124	77	1
1271	122	0
1029	77	1
86	238	0
92	50	1
459	86	1
320	222	1
2213	101	0
1085	298	0
703	27	0
149	50	1
625	218	1
2185	10	0
1231	91	1
621	105	1
847	142	1
507	34	1
582	105	1
1193	91	1
935	221	0
427	32	1
183	273	1
1298	109	1
648	161	0
103	48	1
1324	182	0
898	172	0
401	208	0
218	6	1
1550	297	1
1687	272	0
113	145	1
622	161	0
295	107	0
186	84	0
2328	298	1
1608	166	0
265	209	0
1164	40	0
1399	26	1
257	208	0
2159	270	0
298	142	0
769	29	0
2228	268	1
893	153	0
1349	128	1
494	48	1
1483	206	1
922	285	0
1586	145	1
872	50	1
1946	12	0
771	48	1
1240	238	0
1498	29	0
1610	151	0
847	102	0
1021	150	0
417	96	1
2026	67	0
119	17	1
2088	281	0
1205	91	1
859	27	0
393	206	0
156	288	1
1609	253	0
922	53	1
2162	60	0
643	50	1
1971	142	1
1486	139	1
1710	174	1
2080	244	0
2115	240	0
770	48	1
529	50	1
134	243	1
882	15	0
367	159	1
741	272	0
138	165	1
1298	70	0
291	219	0
1144	290	0
2011	226	1
41	66	1
166	50	1
1083	77	1
504	48	1
1143	41	0
597	105	1
1042	63	0
900	245	0
2292	288	1
341	6	1
1157	271	0
1792	187	0
1459	294	0
1132	199	0
1128	221	0
422	74	0
9	77	1
859	248	0
1013	93	0
2047	227	1
366	61	1
1171	105	0
366	67	0
859	50	1
2216	6	0
548	220	1
838	122	0
59	7	1
1218	67	0
978	166	0
1734	272	0
455	129	0
101	226	1
929	87	0
152	19	1
122	16	0
210	8	1
56	8	1
1099	77	1
239	280	1
1490	36	0
2052	227	1
1088	77	1
1090	115	0
111	226	1
1922	111	0
1149	203	0
1483	135	1
1244	215	0
198	148	0
2117	79	0
1503	196	0
9	150	0
960	189	0
1555	53	0
1906	218	1
432	38	1
2308	291	0
1987	192	0
1789	142	1
1686	92	0
553	100	0
57	8	1
1632	155	0
993	218	1
1984	141	0
953	253	0
343	8	1
912	152	0
2209	56	0
827	50	1
32	64	1
614	142	1
1081	184	0
368	159	1
2245	37	0
2156	291	0
653	256	0
665	24	0
1594	145	1
93	50	1
455	77	1
442	40	1
1319	139	1
1519	99	0
47	159	1
1247	156	0
316	46	0
1534	254	0
353	148	0
582	174	1
1250	43	0
1024	74	0
1066	290	0
900	88	1
895	98	0
158	53	1
2045	119	0
2317	179	0
66	138	1
832	76	1
8	132	1
1085	53	0
1230	146	0
175	6	1
531	51	0
2147	25	0
686	48	1
2003	247	1
720	221	0
467	77	1
1849	166	0
411	30	1
1296	2	0
176	257	1
810	87	0
480	50	1
96	48	1
66	244	1
521	48	1
2157	247	0
1885	211	1
914	299	0
1357	17	0
433	205	0
240	6	1
1	109	0
2198	279	0
198	165	1
325	145	1
377	191	0
618	34	1
1126	105	1
2005	103	0
1832	278	0
1987	2	0
2244	53	0
332	88	1
30	5	1
1287	151	0
868	50	1
1592	284	0
1666	210	1
190	228	0
2187	245	1
41	281	1
805	218	1
1637	150	1
231	238	0
556	76	1
661	34	1
1553	161	0
889	288	1
33	61	1
671	127	1
261	6	1
1778	56	0
95	220	0
146	28	0
1994	253	0
1214	7	0
1962	91	0
885	53	1
954	216	1
1975	269	0
1929	135	0
818	50	1
331	92	0
796	180	0
1020	139	1
59	9	1
983	78	0
379	110	0
2037	227	1
593	257	0
375	64	0
799	218	1
1653	55	0
76	119	0
2330	298	1
157	274	1
1369	239	0
1770	63	0
1397	26	1
1593	227	0
32	267	1
127	91	1
1190	48	0
925	138	1
1644	104	0
527	34	1
396	18	0
565	61	1
2003	209	0
1469	14	0
1117	77	1
1821	242	0
337	288	1
700	180	0
2089	165	1
648	48	1
335	252	0
745	91	0
250	6	1
886	53	1
210	165	1
802	193	0
2027	278	0
1362	26	1
1652	121	0
573	271	0
625	34	1
1060	147	0
1709	242	0
837	50	1
1908	218	1
1841	53	0
39	64	1
1232	22	0
1177	127	0
1775	299	0
428	138	1
881	50	1
32	76	1
1191	91	1
1278	29	0
1127	77	1
346	6	1
133	18	1
287	6	1
1151	88	1
32	22	1
459	238	0
1071	231	0
20	107	0
76	134	0
811	13	0
1993	251	0
141	180	0
2132	2	0
1853	211	1
1389	26	1
720	25	0
1736	51	0
1650	183	0
1503	210	0
1411	100	0
540	283	0
1173	136	0
587	100	0
2116	260	0
1806	224	0
528	48	1
1508	174	1
32	48	1
634	185	1
122	11	1
1550	138	1
2193	278	0
2021	103	0
479	50	1
1136	116	1
539	68	0
672	48	1
976	66	1
920	53	1
681	48	1
436	40	1
1964	152	0
844	77	1
466	77	1
679	70	0
554	50	1
2130	244	1
812	248	0
1945	288	1
1195	288	1
71	50	1
828	294	0
1314	63	1
940	209	0
509	192	0
1538	90	0
171	287	0
1466	146	0
32	132	1
1458	189	0
1221	165	0
2094	49	0
1782	86	1
1033	242	1
772	225	0
378	219	0
11	4	1
1967	142	1
434	244	1
953	26	1
1865	243	0
1705	238	0
1815	175	0
942	166	0
1612	32	0
316	206	0
601	227	1
1923	178	0
168	145	1
1094	77	1
1578	219	0
1345	94	1
1031	250	1
467	140	0
2289	288	1
1453	132	1
267	45	0
1737	241	0
1356	170	0
1488	121	0
47	198	1
541	50	1
2248	139	0
1173	121	0
1920	148	0
972	74	0
1054	2	0
431	63	1
224	134	0
2032	167	0
1471	116	1
785	67	0
1918	10	0
1322	104	0
1275	74	0
343	13	1
1192	91	1
732	44	1
1301	211	1
199	249	0
1803	40	0
1712	65	0
2077	165	1
580	50	1
229	269	0
985	94	1
141	123	1
857	174	1
405	156	0
1810	130	0
1110	182	0
1083	204	0
1837	211	1
87	278	0
320	6	1
142	67	0
168	70	0
47	174	1
634	106	1
1251	34	0
1008	69	0
423	207	1
645	149	0
890	143	0
2211	221	0
1256	107	0
380	172	0
1399	277	0
2235	191	0
2169	17	0
161	6	1
2152	244	1
997	79	0
2175	244	1
832	244	1
582	103	0
0	233	0
1774	246	0
197	243	1
18	5	1
1235	288	1
854	283	0
1015	264	0
367	48	1
265	231	0
398	138	1
1018	75	1
1386	274	0
14	227	1
170	6	1
1373	273	0
1373	107	0
672	111	1
2115	18	0
1294	109	1
880	174	1
65	249	0
2169	202	0
1202	45	0
1224	223	0
406	53	1
149	61	1
678	76	1
1126	122	0
325	77	1
1038	259	0
2313	109	0
1208	91	1
807	138	1
40	176	0
694	34	1
891	132	0
1019	26	1
725	296	1
1218	12	0
1014	123	0
1459	82	0
874	50	1
1043	171	0
1978	142	1
115	139	1
308	53	1
804	132	1
181	6	1
1973	275	0
545	34	1
728	44	1
1497	139	1
1332	184	0
178	123	1
415	231	0
1041	184	0
1231	288	1
1484	43	0
332	204	0
887	134	1
1349	94	1
2224	170	0
689	48	1
1304	139	1
1071	77	1
330	6	1
891	78	0
103	178	1
692	34	1
446	50	1
813	240	0
2244	273	1
1399	228	0
133	66	0
167	101	0
32	73	1
914	154	0
629	34	1
1108	77	1
2197	267	0
1901	117	0
47	152	1
1221	134	0
582	30	0
102	50	1
1528	282	0
161	165	1
1689	37	0
2224	154	0
73	7	1
97	171	0
1157	116	1
80	17	0
141	21	0
1435	176	0
973	254	1
1681	171	1
889	195	0
517	275	0
1743	174	1
1854	211	1
2002	160	0
580	168	0
887	53	1
377	170	0
137	233	0
1598	292	0
2320	294	1
1584	145	1
77	157	1
2164	140	0
900	272	0
1680	15	0
442	65	0
504	26	1
891	42	0
1250	240	0
918	267	0
421	34	1
1214	253	0
1358	26	1
854	170	0
2229	220	0
480	48	1
790	48	1
1212	197	0
136	19	1
1189	241	0
1028	77	1
9	48	1
917	36	0
1047	245	0
1007	133	0
314	53	1
1613	148	1
465	110	1
1189	293	0
175	127	0
106	40	1
1924	126	0
821	50	1
1185	288	1
515	76	1
270	212	0
1175	90	1
1598	145	1
610	34	1
796	273	0
1638	134	0
1301	267	0
1013	67	0
1217	286	0
626	50	1
147	19	1
1476	116	1
1797	140	0
869	50	1
544	142	1
1364	65	0
608	93	0
815	50	1
1945	220	1
1166	1	0
2149	29	0
8	231	1
154	110	0
2234	91	0
1711	242	0
1537	6	0
212	12	0
355	52	0
1250	88	1
1551	294	0
1154	89	0
1271	224	0
747	273	0
701	150	0
126	196	0
831	50	1
1309	115	1
554	34	1
0	33	0
647	60	0
512	156	0
1703	206	0
1633	93	0
2108	276	0
2257	112	1
438	77	1
248	6	1
2260	112	1
1296	102	0
1025	249	0
2075	45	0
36	107	0
1113	210	0
844	172	1
40	37	0
103	288	1
230	6	1
1168	8	1
740	268	0
2209	243	0
646	50	1
824	294	0
2263	184	0
637	34	1
497	48	1
1072	26	1
1551	104	0
2138	273	0
996	210	1
1774	86	1
862	110	1
1126	142	1
1220	116	1
698	39	0
185	287	1
652	34	1
580	34	1
179	165	1
1478	116	1
2295	65	0
1042	249	0
1352	94	1
752	176	0
242	6	1
1072	132	1
988	218	1
73	244	1
1759	273	1
1479	116	1
469	34	1
625	132	1
1219	72	0
1761	182	1
12	4	1
626	48	1
2329	23	0
1237	211	0
1702	174	1
1302	112	1
1160	116	1
847	50	1
78	165	0
686	50	1
1435	127	1
1471	36	0
1575	194	0
1210	230	0
663	133	0
1721	294	0
885	225	1
733	45	1
264	297	0
1268	105	1
829	218	1
127	50	1
891	173	0
215	44	0
2074	209	0
1296	86	1
592	268	0
1468	116	1
888	100	1
577	34	1
95	6	1
1302	195	0
2302	288	1
353	181	0
159	165	1
100	7	1
1251	68	0
1011	83	1
2277	44	1
554	48	1
1617	210	0
1307	236	0
607	77	1
1252	177	0
672	166	0
704	48	1
1493	137	1
540	34	1
971	6	0
1496	266	0
1682	226	1
1638	178	0
504	137	0
2057	165	0
673	97	0
1018	68	0
358	6	1
634	26	1
1669	149	0
892	172	0
705	48	1
683	48	1
1677	169	1
2188	38	0
2275	17	0
16	271	0
2021	288	1
1281	140	0
619	52	0
995	268	0
411	53	1
837	235	0
1049	77	1
1334	193	0
2212	17	0
1257	89	0
798	49	1
1626	116	1
134	194	1
906	112	0
160	48	1
548	34	1
192	6	1
926	91	1
1446	132	1
2116	235	1
568	25	0
545	50	1
601	34	1
1314	94	0
1228	151	0
797	26	1
137	6	1
1410	18	0
632	151	0
699	17	0
799	49	1
1058	77	1
1297	2	0
1822	247	0
1226	118	0
1532	210	0
579	218	1
465	94	1
32	198	1
2180	244	1
682	144	0
343	119	0
2161	244	1
1338	31	0
2329	121	0
935	294	0
79	138	1
1442	130	1
1316	158	0
519	34	1
1073	77	1
2202	28	0
1783	86	1
580	94	1
1059	37	0
105	212	1
1341	94	1
1698	264	0
1494	138	1
1236	231	0
275	72	0
787	48	1
48	266	1
848	298	0
1549	138	1
468	88	0
910	219	0
104	27	1
1007	132	1
304	159	0
994	72	1
1094	181	0
1175	203	0
1967	189	0
374	122	1
673	50	1
858	76	1
887	252	0
460	34	1
638	218	1
550	145	0
32	91	1
2130	19	0
956	69	0
1305	178	1
944	61	1
2266	21	0
666	79	0
868	128	0
739	49	1
1462	142	1
131	34	1
423	50	1
676	243	0
1694	131	0
8	245	1
498	274	0
1787	142	1
549	79	0
211	239	1
999	200	0
1098	246	0
817	86	1
1901	218	1
2089	281	0
1777	201	0
895	29	0
2275	44	1
703	141	0
1745	99	0
1854	238	0
157	194	1
937	156	0
863	172	0
473	50	1
379	261	0
1489	135	1
1720	174	1
639	132	1
445	42	0
210	6	1
89	50	1
1386	26	1
1674	84	0
861	77	1
58	138	1
663	34	1
475	50	1
205	23	0
1281	109	1
899	187	0
1803	194	1
1659	267	1
516	50	1
1612	148	1
1071	103	0
1522	269	0
301	6	1
210	197	1
1619	116	1
1608	26	0
1758	182	1
1539	138	1
446	227	1
1616	117	0
1215	23	0
1055	77	1
441	70	0
1345	177	1
2189	126	0
785	290	0
441	40	1
2299	234	0
58	72	1
128	288	1
349	6	1
517	75	0
680	265	0
1024	174	1
27	5	1
1478	134	1
103	91	1
669	34	1
175	164	0
1881	211	1
1027	77	1
1729	8	0
1028	174	1
2304	288	1
1653	156	1
8	41	1
53	203	0
1985	97	0
1105	77	1
449	48	1
269	6	1
2096	62	0
1639	100	0
136	274	1
1146	160	0
1768	86	1
560	77	1
1238	73	0
216	84	0
564	34	1
1280	84	0
2215	158	0
1583	52	0
1558	249	0
1221	182	0
1705	1	0
709	262	1
366	297	0
944	142	1
2113	82	0
502	181	1
1172	62	0
1960	82	0
1315	157	0
1316	151	0
1441	246	0
650	34	1
539	140	0
2108	165	1
1372	24	0
1394	214	0
1595	218	1
2287	288	1
1283	197	0
1291	133	0
1593	145	1
619	25	0
106	155	1
497	34	1
498	34	1
828	1	0
1843	91	0
1543	170	0
566	219	0
20	45	1
219	15	0
443	170	0
622	34	1
1089	272	0
1564	34	1
357	6	1
257	64	0
334	180	0
142	6	1
2213	90	0
1578	71	1
1565	204	0
20	91	1
1695	98	0
575	48	1
318	50	1
655	54	0
313	112	0
158	5	0
347	6	1
213	109	0
1645	298	0
58	64	1
1346	52	0
314	288	1
1297	171	0
851	185	1
2002	247	1
1461	132	1
563	44	1
1229	20	0
1215	282	1
1529	238	0
335	37	0
305	181	0
118	70	0
1230	91	1
353	6	1
291	141	0
705	3	0
98	19	0
141	19	1
1183	212	0
106	226	1
2015	63	0
400	28	1
2089	182	0
177	257	1
2204	200	0
643	285	1
75	244	1
853	50	1
1862	165	0
784	49	1
1259	20	0
83	7	1
210	145	1
43	291	0
1132	103	0
2048	29	0
1567	30	0
1327	230	0
742	48	1
1215	116	1
1024	264	0
1498	28	0
1739	90	0
2268	113	0
664	48	1
2280	200	0
422	34	1
382	25	1
1266	75	0
1304	246	0
1944	287	0
1759	206	1
557	78	0
1409	228	0
1576	268	1
809	77	1
1812	165	0
1198	256	0
592	156	0
295	7	0
933	128	0
582	274	0
653	78	0
1600	225	0
225	218	0
1670	165	1
441	60	0
1714	174	1
2287	24	0
372	210	0
1582	267	0
32	43	1
156	6	1
1931	82	0
2116	52	0
1249	144	0
850	189	0
1444	132	1
320	226	1
63	50	1
5	64	0
1486	194	0
1163	116	1
1777	209	0
1978	266	0
1221	288	1
1687	219	0
1273	105	1
902	88	1
1995	142	1
2244	235	0
68	132	1
47	44	1
1115	77	1
898	290	0
1365	69	0
774	17	0
1511	200	0
1760	50	0
1964	244	1
772	48	1
1040	77	1
621	77	1
1530	138	1
1203	91	1
2272	84	0
392	27	1
804	50	1
32	284	1
1856	129	0
921	53	1
2126	183	0
2038	150	0
1515	138	1
448	40	1
809	26	1
21	34	1
681	19	0
1834	48	0
1403	26	1
1845	211	1
207	246	0
1562	270	0
945	68	0
1340	94	1
2319	195	0
2098	2	0
436	174	1
801	108	1
111	48	1
795	48	1
14	34	1
138	288	1
571	280	0
709	48	1
1719	261	0
904	191	0
1004	180	0
822	142	1
17	178	1
678	50	1
1409	26	1
83	178	1
438	254	0
221	6	1
1769	170	0
112	50	1
1744	268	0
473	122	0
1891	146	0
1959	137	0
1782	297	0
831	142	1
1609	217	0
1959	202	0
1869	28	0
925	119	0
2050	227	1
1818	28	0
112	192	0
2122	204	0
2099	165	1
95	118	1
560	34	1
1856	211	1
1697	16	0
530	34	1
313	290	0
232	84	0
227	6	1
1146	267	0
821	277	0
398	28	1
1069	77	1
245	6	1
2212	289	0
1611	215	0
1242	91	1
343	99	1
1594	292	0
856	174	1
1241	293	0
328	6	1
626	63	0
1174	90	1
539	256	0
157	288	1
2006	233	0
804	218	1
1128	77	1
2254	132	0
370	299	0
1014	219	0
268	150	0
614	105	1
746	201	0
2316	12	0
1809	292	0
1969	130	0
189	247	0
351	6	1
977	145	0
898	235	0
119	101	0
1870	275	0
1805	19	0
419	42	0
112	183	1
1778	104	0
1404	99	0
1850	288	0
95	226	1
1314	87	0
434	138	1
603	34	1
434	174	1
1258	199	1
1596	114	0
2231	125	0
1851	37	0
894	93	0
50	157	1
1408	85	0
83	48	1
1820	37	0
2307	133	0
631	272	0
585	77	1
1143	172	1
314	205	0
954	58	1
285	199	1
862	218	1
329	228	0
1998	83	0
60	68	0
994	89	0
2009	226	1
1294	263	0
2121	86	0
563	105	1
987	218	1
5	86	0
910	125	0
1728	174	1
1456	184	1
2301	205	0
1464	297	0
382	154	0
674	34	1
1208	225	1
1724	19	0
1502	123	0
78	7	1
2027	266	0
1142	276	0
1256	279	0
334	284	0
931	55	1
58	86	1
181	50	1
958	64	1
1926	218	0
405	1	0
1334	78	0
2168	244	1
307	97	0
1866	18	0
1164	88	1
2182	83	0
1232	288	1
93	141	0
181	76	1
134	166	0
2248	283	0
434	40	1
871	50	1
1806	194	1
918	14	0
621	34	1
1007	86	1
436	39	0
845	83	0
828	218	1
571	49	1
375	61	0
600	34	1
1570	69	0
321	64	1
565	53	0
467	34	1
925	88	1
1576	158	0
1080	77	1
32	108	1
1556	202	0
612	60	0
2128	244	1
542	48	1
464	147	0
265	223	0
775	144	0
2095	165	1
688	50	1
1271	299	0
136	194	1
327	91	1
953	174	1
171	111	0
1872	242	0
1494	116	0
1740	226	1
2088	15	0
750	123	0
990	241	0
1179	289	0
344	107	0
1042	77	1
136	123	1
634	109	1
359	109	0
1095	77	1
40	5	1
2282	283	0
47	40	1
1674	169	1
685	48	1
555	192	0
2071	165	1
995	72	1
1486	277	0
1560	113	0
201	243	1
840	138	1
1805	194	1
246	291	0
1009	78	0
1236	91	1
2248	14	0
1246	93	1
1021	116	0
478	235	0
673	48	1
360	6	1
1203	225	0
736	183	0
1531	46	0
135	19	1
1233	100	0
710	18	0
239	288	0
2112	242	0
678	34	1
2075	165	1
498	291	0
347	221	0
295	196	0
399	28	1
25	5	1
841	50	1
1133	174	0
676	173	1
1756	182	1
627	139	1
2208	209	0
47	5	1
1745	218	1
2174	244	1
1991	142	1
97	244	1
325	221	0
16	4	1
395	209	0
919	53	1
1398	26	1
1737	174	1
1913	218	1
1478	280	0
851	50	1
2079	252	0
1973	142	1
802	50	1
1926	220	1
629	142	1
72	244	1
1859	274	0
700	34	1
693	168	0
1067	77	1
1918	218	1
233	84	0
68	50	1
143	49	0
1848	200	0
1448	63	0
2029	192	0
909	81	0
1358	218	1
1188	91	1
2075	297	0
774	48	1
463	77	1
2293	288	1
315	157	0
800	48	1
87	50	1
1708	130	0
1324	151	0
1202	91	1
1223	91	1
198	255	0
110	165	1
1183	121	0
1008	76	1
1849	225	0
605	165	1
1108	263	0
2233	155	0
1656	9	0
706	151	0
1256	165	1
1834	252	0
670	34	1
826	54	0
746	247	0
87	244	1
707	48	1
1696	173	1
747	215	0
861	76	1
2228	248	0
283	155	0
1392	92	0
1548	254	0
2215	185	0
535	50	1
1566	221	0
1715	170	0
1819	282	0
267	271	0
1895	254	0
2225	267	1
630	174	1
2269	171	0
1826	116	0
937	58	1
775	107	0
1123	77	1
340	16	0
1293	109	1
90	50	1
57	13	1
515	77	1
1147	121	0
854	144	0
325	50	1
607	218	1
439	260	0
2251	60	0
1667	299	0
1708	287	0
1345	233	1
566	61	1
612	210	0
259	262	0
1143	162	0
1491	223	0
50	64	1
1469	116	1
1879	211	1
260	6	1
917	31	0
605	50	1
934	58	1
664	50	1
1213	77	0
2217	280	0
37	176	0
1578	178	1
2079	283	0
96	50	1
2071	264	0
268	6	1
419	50	1
837	76	1
548	50	1
1687	139	1
1217	204	0
97	26	1
718	299	0
531	72	1
588	34	1
1185	287	0
1028	105	1
1035	77	1
1760	60	0
886	88	1
314	91	1
810	285	1
48	163	1
1577	132	1
215	177	0
32	165	1
307	165	1
438	76	1
543	34	1
1675	169	1
621	72	1
2211	8	0
1430	104	0
1964	170	0
1436	128	1
1215	194	1
253	6	1
599	34	1
512	240	0
91	226	1
1136	259	1
2275	18	0
2142	202	0
600	113	0
1938	80	0
1464	132	1
1778	98	0
561	168	0
1503	139	1
33	5	1
1462	132	1
907	242	0
1507	220	0
1168	165	1
1443	172	0
2134	254	0
56	13	1
1661	27	0
2205	264	0
2102	87	0
18	4	1
514	274	0
99	31	0
937	77	1
1680	8	1
565	24	0
844	226	1
1461	181	0
852	159	1
362	6	1
1230	257	0
1282	89	0
75	50	1
218	45	0
1490	174	0
1529	138	1
2279	44	1
1456	292	0
1748	122	0
195	177	0
369	48	1
504	34	1
1238	288	1
1181	34	0
1317	50	0
990	68	1
2239	38	0
719	77	1
26	277	0
1411	75	0
366	221	0
1284	109	1
1966	142	1
1068	77	1
1036	42	0
1014	250	0
2030	82	0
809	71	1
1014	155	0
198	8	1
437	50	1
2031	257	0
1686	282	0
58	18	0
1368	288	0
396	28	1
894	134	1
937	119	0
1426	26	1
151	19	1
266	3	0
1516	56	0
64	50	1
340	6	1
2184	249	0
7	258	0
879	283	0
714	34	1
1965	142	1
845	275	0
367	132	1
299	6	1
1172	37	0
630	34	1
714	11	1
703	48	1
294	6	1
1659	157	1
1823	207	0
407	167	1
1940	288	1
1876	260	0
48	26	1
651	18	0
2005	247	1
709	34	1
510	48	1
1042	113	0
987	66	1
658	194	0
1256	155	0
173	151	0
1004	286	1
530	138	1
1411	54	0
1310	216	0
972	263	0
1157	160	0
492	34	1
999	260	0
328	28	1
153	175	0
469	13	0
713	135	0
1611	85	0
134	6	1
818	224	0
105	40	1
1469	134	1
1705	174	1
234	6	1
1958	185	0
1051	144	0
403	50	1
1908	176	0
156	8	1
242	225	0
1098	39	0
679	34	1
523	34	1
1066	77	1
903	116	1
918	227	1
1332	31	0
1382	26	1
605	34	1
304	6	1
333	220	0
197	112	0
58	36	1
524	67	0
108	7	1
1905	225	1
709	122	0
1012	138	1
139	8	1
94	7	1
318	145	1
2069	165	1
1465	246	0
280	26	1
2258	170	0
318	218	1
3	3	1
2066	94	0
74	50	1
929	123	0
1852	211	1
1791	17	0
783	52	0
558	34	1
2110	97	0
634	223	1
643	174	1
68	88	1
1651	16	0
1964	116	0
197	6	1
21	45	1
365	191	0
437	175	1
560	219	0
1463	132	1
1635	69	0
1275	230	0
1159	88	1
138	6	1
1351	78	0
369	285	1
804	256	0
1220	151	0
275	287	0
184	132	1
258	6	1
258	75	0
1707	269	0
2077	135	0
708	293	1
1065	14	0
384	21	1
550	34	1
757	97	0
533	143	0
1170	22	0
1022	62	0
1926	247	0
496	34	1
1272	105	1
627	94	1
2276	156	0
1041	130	0
81	244	1
1609	148	1
127	165	1
501	34	1
599	142	1
672	1	0
853	171	0
658	34	1
1475	183	0
341	231	0
671	48	1
857	50	1
557	34	1
109	34	1
32	244	1
529	48	1
2075	17	0
1140	26	0
1179	91	1
580	48	1
2035	192	0
1227	57	0
1301	111	1
745	48	1
524	48	1
1004	261	0
809	124	1
1429	11	1
2101	165	1
20	286	1
719	50	1
440	122	0
263	151	0
1923	60	0
923	15	0
827	28	0
49	189	0
1887	182	0
1953	172	0
84	50	1
1562	170	0
2206	256	1
1407	239	0
1618	291	1
1541	19	0
1893	226	1
32	185	1
1850	68	0
134	165	1
962	88	0
783	50	1
43	27	0
1748	218	1
497	50	1
1193	195	0
2091	261	0
493	34	1
227	86	0
23	123	0
1077	77	1
991	280	1
645	48	1
1161	73	0
121	174	1
30	142	1
547	228	0
1789	201	0
65	50	1
35	5	1
1787	254	0
835	174	1
1704	174	1
555	107	0
1024	14	0
722	44	1
2300	288	1
1971	165	0
271	6	1
651	34	1
466	242	0
47	164	1
1532	243	0
816	239	0
26	5	1
859	211	1
59	50	1
69	50	1
800	50	1
1345	182	0
181	66	1
912	162	0
340	164	0
119	217	0
263	6	1
1204	146	0
1488	135	1
776	64	1
1688	139	1
539	34	1
397	77	1
1915	171	0
120	115	0
967	64	1
1394	219	0
912	236	0
1817	273	1
1745	174	1
1607	182	0
844	50	1
500	156	0
1884	137	0
275	204	0
1798	97	0
1477	134	1
2095	201	0
1935	140	0
423	92	1
2112	220	0
1841	151	0
303	186	0
32	11	1
282	6	1
1143	87	1
187	132	1
555	34	1
2159	244	1
1692	172	1
1514	138	1
1651	216	0
532	240	0
1223	288	1
1818	273	1
1851	211	1
1711	160	0
898	135	0
1941	157	0
750	90	0
45	34	1
212	231	0
1029	174	1
978	288	1
1828	118	0
964	31	0
922	190	0
1237	98	1
1781	86	1
2133	53	0
136	8	1
1524	138	1
2106	165	1
14	139	1
1991	181	0
47	72	1
812	204	0
361	265	0
2287	210	0
1605	111	0
282	8	1
1369	187	0
1673	16	0
1543	138	1
1498	139	1
305	6	1
2281	275	0
2032	227	1
2258	28	0
396	239	0
555	122	0
73	274	0
749	48	1
835	142	1
178	8	1
783	244	1
41	5	1
624	90	0
707	50	1
38	122	0
1901	130	0
2323	30	0
215	261	0
784	151	0
627	50	1
368	50	1
372	57	0
1006	77	1
1155	88	1
663	230	0
705	170	0
1732	130	0
1482	150	0
1017	75	1
1253	258	0
1928	24	0
832	50	1
320	207	1
1564	46	0
1204	91	1
998	72	1
483	48	1
614	77	1
166	26	1
963	238	0
1237	105	0
103	229	1
641	132	1
472	50	1
1210	67	0
2079	222	0
2055	278	0
6	3	1
47	138	1
799	48	1
1874	211	1
1026	174	1
1366	26	1
95	8	1
1365	26	1
1307	280	0
834	145	0
178	211	0
1869	211	1
690	34	1
60	7	1
50	109	1
1692	193	0
264	182	1
1274	218	1
816	50	1
970	183	0
777	48	1
1039	267	0
139	243	1
1034	77	1
2266	283	1
111	50	1
2002	281	0
672	19	0
1817	224	0
373	161	0
437	94	1
2180	1	0
15	4	1
180	243	1
791	197	0
1081	77	1
758	48	1
761	283	0
2061	145	0
49	203	0
835	138	1
1223	187	0
952	10	0
1596	145	1
825	50	1
1999	26	0
1801	194	1
671	34	1
428	32	1
1819	91	0
139	19	1
756	132	1
1760	184	0
906	53	1
95	272	1
407	133	1
2308	288	1
369	191	1
462	275	0
1405	107	0
345	124	0
2070	17	0
2288	138	0
595	174	1
983	66	1
473	105	1
2240	273	1
256	6	1
1702	261	0
115	97	0
228	6	1
1059	268	0
88	251	0
1456	132	1
1495	168	0
86	259	0
766	48	1
1467	39	0
1951	297	0
653	148	0
31	14	0
32	109	1
2042	204	0
555	274	0
1025	174	1
518	34	1
344	165	1
702	34	1
298	6	1
2250	273	1
540	50	1
153	150	0
1667	136	0
470	14	0
1768	217	1
810	50	1
1723	93	0
2276	44	1
2090	284	0
43	5	1
2069	35	0
1830	146	0
45	142	1
1135	67	0
1509	122	0
1575	207	0
1818	199	1
357	165	1
923	53	1
87	248	0
582	34	1
31	294	0
1085	77	1
401	131	0
2000	225	1
438	50	1
563	174	1
2115	298	0
2190	116	0
1304	14	0
212	106	0
780	48	1
1126	77	1
843	132	1
222	298	0
598	34	1
1583	65	0
2087	88	0
379	25	1
162	61	0
1431	283	0
375	192	0
1024	166	0
394	28	1
675	91	0
1979	18	0
1166	178	0
676	244	1
51	5	1
765	246	0
363	132	0
830	24	0
517	48	1
158	288	1
188	115	0
1343	54	0
1812	10	0
2024	270	0
466	174	1
2121	90	0
993	105	1
933	158	0
36	195	0
1691	145	0
895	42	0
20	6	1
199	6	1
515	48	1
878	76	1
2195	18	0
1410	239	0
1581	262	0
549	48	1
317	6	1
925	158	0
1981	142	1
123	28	0
2035	227	1
2303	5	0
673	150	1
1942	109	0
2261	112	1
280	77	1
160	6	1
1826	262	0
619	134	0
814	285	1
232	152	0
1552	245	0
231	106	0
1020	54	0
817	50	1
67	7	1
957	64	1
1588	106	0
1316	190	0
1002	225	0
104	138	1
1129	77	1
145	19	1
466	34	1
1490	90	0
537	277	0
610	105	1
710	34	1
1287	110	1
2034	267	0
2238	225	0
2103	212	0
1846	211	1
881	53	0
317	16	0
397	76	1
2020	67	0
795	218	1
174	6	1
884	53	1
1473	134	1
1979	133	0
2256	276	0
142	19	1
1204	188	0
223	115	0
1664	0	0
875	244	1
70	102	0
1916	218	1
1758	290	1
1032	77	1
621	148	0
1902	141	0
2156	274	0
1865	274	0
535	48	1
1765	39	0
1143	4	0
1994	142	1
103	142	1
866	74	0
128	8	1
1077	142	1
96	40	1
153	78	0
576	34	1
1542	74	0
1629	89	0
1159	206	0
1481	134	1
856	228	0
304	204	0
1186	91	1
1485	3	0
1024	92	0
1969	74	0
1192	174	0
45	5	1
1942	199	0
1492	136	1
1801	42	0
1502	138	1
50	7	1
833	256	0
148	50	0
50	198	1
2072	165	1
386	135	1
435	40	1
900	133	1
416	179	1
954	75	1
1189	32	0
554	72	1
807	76	1
220	6	1
1957	283	0
105	86	1
1138	257	0
21	185	1
84	244	1
329	165	1
359	138	0
47	179	1
691	74	0
1979	283	0
1497	138	1
1083	207	1
886	214	1
1470	223	0
36	56	0
1007	77	1
909	99	0
2220	102	0
1433	253	0
635	204	0
1087	251	0
345	35	0
1231	268	0
613	72	1
1954	65	0
652	31	0
1150	88	1
781	140	0
162	165	1
1120	79	0
525	280	0
1146	223	0
1588	60	0
2282	44	1
1140	123	0
1375	26	1
491	34	1
873	98	0
824	76	1
1003	267	0
708	50	1
2205	256	1
193	288	1
1394	248	0
367	185	1
1566	34	1
645	45	1
422	241	0
1063	99	0
77	50	1
775	48	1
488	89	0
270	86	0
135	6	1
863	133	0
386	144	0
114	54	0
1262	178	1
1888	282	0
113	76	1
1619	61	0
74	74	0
1664	204	0
2304	6	0
226	271	0
463	244	1
464	244	1
315	6	1
1225	63	0
844	174	1
1744	214	0
2319	28	0
376	26	0
1188	272	0
328	68	0
784	48	1
2021	226	1
166	257	1
1888	230	0
1506	27	0
61	7	1
2228	90	0
71	255	1
1354	125	1
954	77	1
374	255	0
1478	233	0
1994	194	0
64	244	1
1713	278	0
2198	23	0
819	50	1
899	55	0
1965	244	1
617	138	1
82	113	0
1872	272	0
1791	119	0
59	226	1
2074	35	0
58	44	1
2024	168	0
83	175	1
272	6	1
1711	28	0
1317	48	0
2292	150	0
1345	157	1
940	211	1
1484	135	1
802	245	1
686	34	1
367	50	1
949	31	0
1241	148	1
833	50	1
2090	165	1
1120	105	1
1208	73	0
536	176	0
1082	146	0
104	99	1
360	235	0
329	6	1
1242	288	1
1557	46	0
654	34	1
127	72	1
6	52	0
409	132	0
369	50	1
1987	215	0
911	179	0
1572	141	1
1848	211	1
1533	68	0
464	239	0
1288	152	0
121	230	0
400	105	0
122	65	0
851	285	1
2311	221	0
1924	96	0
1434	11	1
1621	179	0
1721	75	0
105	54	0
896	138	0
1439	93	0
401	65	0
2220	145	0
887	213	0
116	286	1
2068	235	0
1074	134	0
2006	85	0
369	22	1
1480	60	0
2292	208	0
511	34	1
578	228	0
2186	153	0
542	17	0
876	72	1
189	6	1
865	76	1
280	49	1
749	211	1
533	204	0
1586	12	0
1952	42	0
1938	142	0
144	123	1
912	66	0
879	218	1
1996	142	1
943	61	1
1209	91	1
21	246	1
103	217	1
2083	279	0
859	218	1
812	109	1
1610	224	0
2265	297	1
2172	244	1
100	244	1
1654	274	1
73	189	0
787	79	0
597	182	0
321	254	1
569	34	1
32	226	1
148	174	0
126	12	1
972	19	0
743	116	0
535	223	1
583	27	0
511	273	0
1652	274	1
1861	211	1
782	48	1
325	91	1
460	50	1
110	244	1
919	47	0
1558	138	1
2163	128	0
1715	174	1
350	6	1
1666	160	1
333	6	1
767	48	1
2252	7	0
1907	287	0
2081	165	1
462	221	0
1763	204	0
2278	209	0
2156	244	1
2065	252	0
848	103	0
800	138	1
367	121	1
746	48	1
1195	222	0
1304	206	1
97	7	1
669	195	0
1759	288	1
1928	220	1
1485	139	1
1188	229	0
1698	170	0
627	52	0
2098	165	1
96	259	0
1015	158	0
2213	53	0
2156	299	0
166	218	1
1412	235	0
1947	220	1
844	94	1
31	280	0
3	221	0
45	124	1
156	194	1
166	145	1
667	150	0
1660	157	1
80	50	1
69	226	1
528	50	1
1776	86	1
1573	142	1
418	32	1
476	50	1
973	66	1
462	34	1
1459	132	1
1539	239	0
2299	205	0
585	288	0
1784	170	0
32	58	1
1255	192	1
180	78	0
561	6	0
1421	26	1
189	227	1
1620	64	0
1534	138	1
423	48	1
1901	133	0
343	19	1
1466	182	0
1114	256	0
468	226	1
968	64	1
643	138	1
1847	211	1
834	50	1
1559	138	1
1591	71	0
2121	5	0
57	209	0
2309	288	1
733	286	1
3	194	0
843	76	1
1286	94	1
428	159	1
839	174	1
1523	138	1
684	50	1
598	181	0
1383	74	0
586	69	0
687	86	1
82	7	1
1934	220	1
2093	225	0
1329	187	0
572	76	1
1198	5	0
2223	213	0
796	49	1
1334	265	0
905	82	0
1582	180	0
416	51	0
867	142	1
46	245	1
1999	148	0
958	183	1
263	250	0
1804	194	1
2225	72	0
1617	114	1
363	6	1
44	26	1
1874	196	0
805	239	0
1535	141	0
1679	74	0
382	90	1
878	50	1
109	48	1
1595	267	1
1626	176	0
2172	251	0
1033	142	1
103	128	1
600	148	0
1316	205	0
1684	139	1
788	290	0
48	76	1
308	6	1
1184	91	1
2294	288	1
735	194	0
1475	134	1
1583	145	1
1229	91	1
2199	209	0
244	6	1
1651	193	0
516	132	1
217	232	0
521	50	1
2296	288	1
1368	251	0
33	132	1
27	3	0
1370	26	1
1313	118	1
1163	88	1
1891	140	0
365	210	0
925	160	0
1431	103	0
686	158	0
1999	159	0
2288	102	0
1168	135	0
208	6	1
687	34	1
264	150	0
883	53	1
5	222	0
1904	290	0
1630	56	0
1423	1	0
367	67	0
249	215	1
796	48	1
1285	256	0
97	197	0
2107	174	0
1363	251	0
238	182	1
575	78	0
1955	132	1
116	9	1
616	34	1
778	78	0
8	4	1
1694	296	0
1478	8	0
454	43	1
10	4	1
1180	22	0
8	50	1
457	86	1
216	154	0
861	50	1
1773	86	1
226	6	1
160	193	0
900	53	1
325	218	1
1229	288	1
174	284	0
59	139	1
2245	273	1
2191	246	1
49	183	1
1151	15	0
1177	91	1
1295	129	0
1652	156	1
1843	211	1
140	15	0
830	76	1
392	254	1
1893	37	0
1015	55	0
2272	288	0
1678	169	1
9	26	1
2242	273	1
607	105	1
1013	194	0
1878	211	1
570	298	0
665	272	0
585	174	1
916	234	0
28	29	0
2084	162	0
1109	77	1
1744	0	0
298	232	0
1537	138	1
912	53	1
1696	280	0
216	6	1
72	7	1
1176	90	1
285	67	0
58	244	1
115	286	1
1598	53	0
1486	147	0
125	11	1
1528	107	0
2097	249	0
31	73	1
308	26	1
2068	55	0
1547	145	0
1482	134	1
1812	187	0
2187	109	0
45	182	0
66	226	1
1045	65	0
83	244	1
1464	243	0
1650	21	0
1176	92	0
1896	218	1
547	50	1
1210	91	1
175	179	0
2070	48	0
399	298	0
451	133	0
310	205	0
352	6	1
1406	244	1
1509	138	1
298	148	0
1698	262	0
500	34	1
1640	235	0
62	7	1
609	34	1
290	6	1
403	206	1
791	256	0
592	72	1
742	114	0
2291	30	0
1470	134	1
1185	193	0
2013	265	0
1067	93	0
30	48	1
186	178	0
556	218	1
1831	2	0
2054	116	0
973	117	0
1474	116	1
136	148	1
1685	3	0
923	192	0
1625	116	1
1497	84	0
815	105	1
525	98	0
1417	26	1
1967	264	0
1506	227	1
116	139	1
499	34	1
1819	72	0
152	1	0
1878	68	0
1827	121	0
129	221	0
2023	219	0
618	67	0
2040	227	1
1553	6	0
1420	26	1
639	34	1
1628	35	0
635	34	1
2248	295	0
1344	94	1
339	243	1
266	6	1
128	99	1
1026	142	1
1091	240	0
45	50	1
381	248	0
66	148	0
2222	63	0
404	162	0
30	44	1
381	40	0
1359	26	1
1156	76	0
598	204	0
192	55	0
975	103	0
228	135	0
251	261	0
104	235	0
1078	225	0
47	86	1
1774	299	0
1997	142	1
350	184	0
628	44	1
573	218	1
135	290	0
32	266	1
1860	114	0
133	6	1
895	275	0
1555	138	1
1513	138	1
155	165	1
1221	200	0
1762	192	0
1024	19	0
2026	275	0
1231	74	0
310	83	0
453	76	1
1447	132	1
2316	112	0
813	174	1
1020	75	1
619	263	0
864	76	1
1174	0	0
1533	138	1
658	149	0
41	138	1
2240	24	0
2064	109	0
15	66	1
2132	244	1
2176	244	1
808	218	1
170	23	0
960	103	0
180	123	1
1270	197	0
556	108	1
376	24	1
219	6	1
796	50	1
21	11	1
1580	21	0
1706	148	0
727	44	1
801	138	1
1152	94	0
641	34	1
233	6	1
1680	267	0
69	88	1
1434	114	0
733	246	1
1485	135	1
407	116	1
2031	156	0
1525	74	0
1806	138	0
1245	276	0
680	34	1
1866	248	0
831	1	0
48	132	1
917	162	0
1299	184	0
546	182	0
923	215	0
1371	56	0
671	211	1
1050	54	0
1079	77	1
1288	65	0
1224	91	1
1890	212	1
1438	127	1
1694	235	0
1617	188	0
397	28	1
368	22	1
951	100	0
1535	138	1
1197	91	1
445	239	0
348	261	0
1377	166	0
375	5	0
1821	246	0
1174	189	0
1583	101	0
592	167	0
995	171	0
1628	127	0
207	6	1
1562	138	1
449	227	1
1135	63	0
502	117	1
190	96	0
1649	172	0
2033	130	0
750	48	1
874	218	1
14	4	1
1817	276	0
127	26	1
57	123	1
1392	200	0
239	6	1
225	162	0
699	137	0
1184	131	0
103	88	1
817	142	1
70	50	1
1420	194	0
783	174	1
2139	299	0
1066	273	0
1922	157	0
906	55	0
1413	259	0
1757	290	1
213	53	0
914	220	0
703	202	0
621	218	1
514	34	1
103	211	1
327	29	0
1423	129	0
1450	270	0
134	53	1
2181	243	0
1170	180	0
636	34	1
834	142	1
345	6	1
13	203	0
83	218	1
605	218	1
1015	75	1
1793	181	0
444	34	1
1838	211	1
2160	244	1
91	48	1
1038	77	1
20	44	1
2254	225	0
1959	260	0
2098	124	0
104	244	1
975	66	1
1733	117	0
2241	273	1
2001	6	0
552	273	0
430	64	1
1718	194	0
2154	278	0
1044	150	0
1011	142	0
47	244	1
1952	223	1
269	154	0
1384	242	0
840	156	0
128	123	1
1384	151	0
1597	138	0
1764	280	0
111	138	1
130	14	1
1261	133	0
2173	143	0
814	50	1
776	48	1
1223	289	0
127	79	1
816	61	1
482	34	1
43	137	0
620	225	0
1345	128	1
781	270	0
2013	226	1
1407	26	1
630	77	1
32	50	1
1699	270	0
32	40	1
73	140	0
1222	6	0
1147	292	0
2291	288	1
2109	205	0
869	152	0
522	259	0
779	294	0
239	273	1
2227	238	0
156	286	1
1682	200	0
95	34	1
1569	117	0
818	132	1
1175	247	0
448	132	1
2074	211	0
643	111	1
2226	267	1
639	227	1
47	118	1
895	53	1
855	76	1
2266	154	0
488	34	1
1235	91	1
478	34	1
939	91	0
32	124	1
1033	77	1
2	154	0
732	288	1
104	139	1
448	27	0
802	165	1
1317	231	0
78	55	1
627	61	1
1829	207	1
773	142	1
1702	264	0
514	206	0
932	55	1
719	170	0
453	265	0
1142	85	1
63	244	1
2155	244	1
126	178	1
740	50	1
2214	97	0
172	154	0
826	166	0
1391	224	0
697	34	1
1303	151	0
896	53	1
2103	283	0
2135	244	1
1210	30	0
1969	142	1
1262	39	0
1328	91	0
327	138	1
860	50	1
1789	86	1
910	53	1
160	165	1
493	48	1
1934	2	0
1908	223	1
1058	67	0
641	227	1
1629	96	0
137	19	1
1531	294	0
1133	280	1
311	84	0
797	218	1
681	34	1
1307	114	1
1738	174	1
2000	227	0
457	200	0
1405	282	0
386	21	1
1029	161	0
1185	104	0
1501	143	0
571	243	0
32	77	1
1828	37	0
1760	268	0
562	34	1
406	271	0
71	156	0
928	102	0
802	297	0
1291	197	0
327	220	1
1118	46	0
1654	156	1
1784	187	0
308	288	1
31	252	1
494	270	0
952	261	0
2029	194	0
699	247	0
1527	138	1
418	242	0
1711	53	0
1136	88	1
1070	243	0
709	50	1
727	218	1
1951	102	0
59	142	1
103	174	1
1758	228	0
1135	259	1
642	34	1
639	218	1
2166	244	1
693	34	1
407	30	1
2053	227	1
609	77	1
1504	167	0
778	48	1
2126	243	1
1664	1	0
585	34	1
114	8	1
416	32	1
71	226	1
1189	91	1
2306	221	0
1011	115	0
1635	252	0
1932	220	1
1184	292	0
1486	135	1
713	34	1
1757	182	1
1168	36	0
102	244	1
1549	143	0
1616	242	0
674	174	1
1859	145	0
685	50	1
141	84	0
1108	182	0
754	87	0
2125	120	0
1472	214	0
2231	270	1
1877	211	1
1148	135	0
1320	102	0
1160	88	1
1703	174	1
2299	288	1
352	37	0
1615	12	0
407	91	1
801	48	1
2257	279	1
1641	101	0
428	50	1
1195	72	0
1449	167	0
155	221	0
324	6	1
468	218	1
105	226	1
1510	246	0
881	76	1
575	50	1
849	218	1
1195	91	1
1669	174	1
1239	288	1
1926	161	0
2113	234	1
291	295	0
641	298	0
848	114	0
2005	272	0
1480	134	1
1633	20	0
1283	269	0
2213	132	0
1199	91	1
25	251	0
410	185	0
806	174	1
972	275	0
1617	149	1
1790	142	1
2185	194	0
61	74	0
50	226	1
2038	115	0
1157	32	0
1525	138	1
257	179	0
1572	227	1
536	206	0
1728	24	0
1449	10	0
89	244	1
1882	211	1
237	279	0
95	49	1
1234	91	1
162	54	0
875	227	1
1624	116	1
1656	219	0
808	116	0
547	34	1
1089	77	1
1983	130	0
610	75	0
1366	119	0
79	244	1
1871	209	0
1732	240	0
104	48	1
529	34	1
764	83	0
621	146	0
801	218	1
490	34	1
753	75	0
101	50	1
1220	91	1
88	50	1
1388	26	1
890	53	1
1909	218	1
378	75	0
115	9	1
704	34	1
2319	0	0
1223	141	0
1588	238	0
403	48	1
2125	290	0
783	48	1
119	10	1
1504	113	0
374	36	0
53	170	0
674	141	0
606	34	1
1412	127	0
2211	122	0
1808	209	0
1396	256	0
346	250	0
2235	101	0
787	266	0
85	50	1
800	49	1
1969	224	0
1602	119	0
1670	3	0
9	4	1
320	225	1
1895	192	0
2042	227	1
940	117	0
286	199	1
1734	174	1
2079	132	0
2009	144	0
616	122	0
1330	299	0
1256	8	1
1590	200	0
2112	214	0
730	297	0
1706	85	0
138	53	1
2122	240	1
542	34	1
32	289	1
556	288	1
1953	219	0
708	48	1
1431	11	1
1526	218	1
595	103	0
1176	95	0
1278	257	0
907	53	1
2234	130	0
44	171	0
556	50	1
1836	211	1
1731	267	0
2221	159	0
1147	25	0
515	139	1
1100	10	0
2066	157	0
2141	254	0
1029	142	1
322	0	0
317	133	0
160	34	1
1061	174	1
701	146	0
365	123	1
1083	297	0
512	34	1
1531	218	1
2062	264	0
1957	156	0
890	119	0
2070	165	1
738	48	1
278	0	0
1043	77	1
10	178	1
146	19	1
1272	142	1
1240	91	1
1213	220	1
1458	114	0
56	94	0
1853	141	0
1866	211	1
455	94	1
2200	221	0
537	34	1
248	54	0
1252	185	0
177	113	1
911	134	1
127	12	1
2185	245	1
2158	244	1
1205	112	0
238	275	0
50	142	1
113	50	1
1630	116	1
178	6	1
325	53	1
231	9	0
665	34	1
2263	122	0
572	34	1
190	269	0
289	6	1
1422	147	0
732	246	1
2156	42	0
98	50	1
2137	8	0
704	193	0
1344	184	1
388	108	0
51	50	1
1748	177	1
1549	142	1
964	64	1
15	5	1
658	227	1
1198	188	0
1380	127	0
1803	250	0
768	48	1
68	226	1
1231	30	0
1637	173	0
824	50	1
1128	264	0
908	41	0
759	136	0
209	6	1
1250	72	0
2170	244	1
319	35	0
743	174	1
532	34	1
1033	250	1
1473	261	0
1358	245	0
1247	93	1
1113	37	0
854	50	1
33	253	1
1827	51	0
81	50	1
2017	115	0
1868	211	1
1667	189	0
1933	26	0
1068	39	0
676	61	1
913	152	0
1314	44	0
2056	85	0
1130	77	1
1863	0	0
211	172	0
513	74	1
1467	98	0
188	61	0
1706	266	0
154	19	1
1614	218	0
1801	294	0
822	50	1
2321	295	1
2103	165	1
32	218	1
32	155	1
1669	298	0
794	30	0
1299	6	0
839	142	1
697	56	0
1568	34	1
101	7	1
1352	133	0
47	11	1
263	165	1
237	6	1
1805	76	0
923	256	0
321	77	1
2091	133	0
1012	91	1
1147	154	0
229	166	0
1070	294	0
1248	95	1
239	165	1
1171	291	0
2186	143	0
788	247	0
894	53	1
1611	148	1
2212	125	0
1237	91	1
2067	165	1
1471	134	1
1683	82	0
1202	141	0
1298	146	0
967	227	1
1467	125	0
135	288	1
778	6	0
833	115	0
1684	262	0
1465	132	1
1157	259	0
94	48	1
117	228	0
593	34	1
1874	246	0
2310	233	0
2286	147	0
246	6	1
1398	42	0
1566	244	1
687	215	0
1585	40	0
289	240	0
1210	163	0
359	297	0
97	109	1
885	115	0
1866	91	0
715	139	1
1185	247	0
270	17	0
1408	26	1
459	142	1
32	34	1
133	123	1
467	105	1
1946	220	1
320	165	1
140	19	1
1304	280	0
20	11	1
561	77	1
208	65	0
1377	107	0
715	288	0
1900	218	1
628	34	1
791	109	1
954	174	1
659	245	1
1149	41	0
156	53	1
2127	244	1
575	34	1
887	221	0
445	200	0
2272	44	1
1387	26	1
2295	50	0
185	6	1
844	132	1
1655	156	1
2280	42	0
726	44	1
761	214	0
1352	158	0
795	237	1
190	6	1
2238	273	1
1892	243	0
1932	225	0
1762	107	0
383	104	1
372	114	0
1403	218	1
157	8	1
2005	214	0
1	225	0
556	251	0
50	266	1
387	5	0
972	184	0
424	49	1
2205	30	0
1495	249	0
783	297	0
1635	110	0
1542	138	1
664	34	1
2312	156	0
160	142	1
325	288	1
1200	91	1
1236	278	0
2207	257	1
32	44	1
999	72	1
1331	214	0
132	200	0
236	109	0
137	123	1
2098	52	0
2310	288	1
2139	244	1
2320	240	0
98	134	0
1234	288	1
2203	253	1
672	127	1
633	34	1
1193	43	0
1138	213	0
2301	288	1
10	248	0
68	239	0
581	241	0
1154	114	0
676	34	1
993	72	1
2255	159	0
761	245	0
1826	206	1
831	194	0
151	229	0
719	76	1
2297	58	0
719	254	0
1597	145	1
82	244	1
1862	14	0
605	132	1
1132	78	1
1219	91	1
143	114	0
689	150	0
1146	214	0
550	48	1
949	158	0
2228	149	0
1639	90	0
1667	210	1
2007	226	1
1170	90	1
1625	255	0
1860	211	1
1254	192	1
989	5	0
368	185	1
2145	244	1
1258	99	1
906	47	0
218	113	0
97	50	1
1088	141	0
2107	165	1
1233	91	1
543	89	0
2103	124	0
1200	49	0
50	105	1
329	87	0
210	120	0
970	113	0
533	34	1
797	140	0
873	218	1
790	49	1
1103	77	1
2328	174	0
0	299	0
1969	98	0
103	6	1
1643	70	0
447	74	0
794	49	1
1809	253	0
1880	60	0
480	34	1
1135	194	0
434	50	1
2050	74	0
1834	209	1
1600	229	0
385	235	0
2147	243	0
884	88	1
1527	218	1
438	196	0
1862	211	1
1915	117	0
756	48	1
545	200	0
95	48	1
1723	174	1
1575	228	0
265	15	0
2009	227	1
1957	235	0
1836	171	0
1661	203	0
188	6	1
1876	182	0
1523	227	1
613	99	0
379	245	0
1216	116	1
1216	282	1
49	122	0
1228	64	0
1376	275	0
42	8	0
39	24	0
380	25	1
1583	4	0
1040	51	0
820	199	0
2073	290	0
877	77	1
974	210	1
1031	132	1
526	182	0
463	193	0
810	185	1
70	7	1
1812	115	0
1251	134	1
2311	155	0
1231	13	0
97	34	1
365	19	1
778	52	0
495	187	0
860	273	0
890	35	0
1310	205	0
864	50	1
802	49	1
327	6	1
492	143	0
2229	186	0
671	50	1
582	72	1
2326	298	1
1674	78	0
78	244	1
162	223	0
905	153	0
648	50	1
1430	11	1
407	233	0
155	6	1
898	261	0
939	238	0
1723	6	0
1543	27	0
113	77	1
1745	272	0
2102	118	0
1786	86	1
2208	257	1
493	50	1
1910	226	1
2256	190	0
1165	88	1
1405	26	1
2061	227	1
592	28	0
39	5	1
1074	201	0
689	45	1
380	182	1
1098	77	1
1807	21	0
1820	275	0
1715	144	0
483	77	1
118	247	0
1785	86	1
1270	247	0
1904	218	1
20	132	1
225	6	1
1250	134	1
1679	169	1
566	34	1
634	174	1
1813	298	0
1109	127	0
1925	220	1
1953	29	0
617	34	1
1048	128	0
83	279	1
156	165	1
1131	77	1
409	188	0
988	66	1
1353	94	1
1206	154	0
1982	142	1
1867	211	1
375	85	0
177	6	1
1296	109	1
647	50	1
131	211	1
47	132	1
149	34	1
866	50	1
459	34	1
1941	220	1
2195	180	0
1814	211	0
606	221	0
2181	244	1
1771	113	0
925	53	1
1016	42	0
2039	146	0
1978	248	0
127	174	1
1586	159	0
48	88	0
2038	221	0
1063	139	1
634	44	1
24	133	0
1239	91	1
128	13	1
1952	132	1
2068	165	1
2202	253	1
559	151	0
844	144	0
2189	275	0
1894	291	0
104	43	1
976	267	0
793	251	0
1020	226	1
1760	290	1
2032	113	0
1226	115	0
547	134	0
787	49	1
766	141	0
1580	253	0
