121	179	0
809	86	1
1148	88	1
1405	290	0
1892	99	0
115	9	1
328	28	1
1459	79	0
144	19	1
1786	223	0
197	136	0
1913	218	1
904	80	0
899	75	0
345	6	1
545	58	0
640	124	0
1971	221	0
1749	178	1
871	51	0
1720	23	0
1182	288	1
865	76	1
818	206	0
1821	201	1
436	40	1
917	183	0
748	94	0
1782	146	0
1561	138	1
1694	206	1
1118	223	0
1479	279	0
2129	209	0
1872	119	0
309	209	0
21	185	1
676	226	1
1432	64	0
460	48	1
1226	91	1
347	40	0
1176	12	0
1210	67	0
1867	182	0
757	129	0
639	171	0
1984	61	0
42	92	0
2196	240	0
1211	48	0
294	158	0
755	225	0
272	6	1
582	34	1
465	174	1
1625	283	0
136	288	1
1523	138	1
188	261	0
1754	213	0
1752	137	0
1195	220	1
2058	227	1
999	133	0
229	192	0
484	34	1
805	17	0
47	152	1
2138	71	0
1004	286	1
1827	133	0
1173	90	1
172	280	0
1693	249	1
1472	71	0
2091	165	1
948	61	1
2239	273	1
264	23	0
992	118	0
2283	286	1
2185	297	0
1841	57	0
615	34	1
1223	91	1
436	138	1
1029	174	1
42	274	0
1629	114	0
207	24	0
343	69	1
2185	245	1
392	254	1
840	142	1
810	185	1
2106	114	0
172	146	0
678	50	1
582	72	1
1921	218	1
1944	297	0
32	155	1
242	227	0
854	22	0
136	6	1
2317	292	1
343	6	1
51	58	0
282	184	0
1911	125	0
2111	262	0
873	276	0
8	224	0
2193	56	0
1399	26	1
634	34	1
1341	211	0
1432	7	0
2166	49	0
1277	107	1
127	72	1
892	279	0
320	66	0
2060	253	1
701	34	1
648	50	1
1167	89	1
1551	159	0
1473	63	0
104	50	1
223	111	0
1453	212	0
1051	66	0
1524	298	0
387	85	0
2088	31	0
219	187	0
986	87	0
240	120	0
733	45	1
47	159	1
1486	295	0
706	70	0
1608	98	0
465	129	0
407	291	1
167	254	0
659	34	1
709	102	0
1211	35	0
127	138	1
915	237	0
1281	219	0
330	173	0
2103	260	1
64	7	1
1486	202	0
16	5	1
381	114	0
2060	284	0
2158	142	0
634	174	1
1747	204	0
140	6	1
243	262	0
100	56	0
1246	100	1
188	6	1
1726	174	1
450	40	1
980	66	1
246	76	0
2187	281	0
1133	293	0
2103	115	0
2253	159	0
103	7	1
890	53	1
370	135	0
169	47	0
1676	74	0
1801	88	0
36	208	0
1600	140	0
1562	63	0
109	244	1
65	125	0
1897	113	0
1323	40	0
689	254	0
21	11	1
1838	211	1
285	199	1
59	61	1
1326	90	0
1016	4	0
671	48	1
1234	18	0
1716	174	1
2072	272	0
1102	179	0
912	244	0
48	112	0
73	50	1
433	257	1
1209	107	0
827	218	1
1660	181	0
1510	138	1
957	64	1
1475	291	1
1671	17	0
150	40	0
2071	206	0
1252	88	1
827	33	0
1585	175	0
823	218	1
634	109	1
2203	55	0
1815	199	1
626	48	1
372	239	0
2183	235	0
799	130	0
579	218	1
51	299	0
716	153	0
51	34	1
239	165	1
799	49	1
672	230	0
1756	109	0
856	174	1
1440	104	0
472	142	1
1154	187	0
1075	72	0
1508	174	1
2088	165	1
1765	47	0
621	186	0
204	6	1
1352	99	0
1487	123	0
911	53	1
1702	174	1
866	168	0
500	41	0
1941	215	0
1402	55	0
1107	77	1
407	30	1
367	121	1
1251	116	1
21	138	1
693	177	0
1049	77	1
2132	25	0
532	34	1
682	34	1
907	170	0
1145	151	0
2123	260	0
775	48	1
1395	129	0
1346	110	0
1264	102	1
1538	138	1
910	194	1
1662	7	0
2318	147	0
644	34	1
1008	77	1
1136	265	0
1780	291	0
1009	182	0
722	109	0
1807	53	0
788	48	1
1405	172	0
2116	189	0
525	34	1
2110	268	0
935	58	1
1698	218	1
296	90	0
1671	266	0
975	66	1
391	123	0
1429	199	0
969	149	0
889	174	1
1107	199	0
1893	218	1
1667	210	1
1941	259	0
1829	247	1
283	6	1
137	123	1
1779	15	0
625	136	0
1251	251	0
992	70	1
679	34	1
1037	159	0
1738	173	0
1036	275	0
1654	125	0
1739	226	1
1506	138	1
1221	91	1
1696	177	0
1729	53	0
1755	181	1
504	243	0
1444	5	0
533	34	1
543	267	0
58	36	1
36	276	0
1421	57	0
855	156	0
709	252	0
1267	60	0
878	77	1
739	49	1
1795	218	0
544	34	1
1823	203	1
1839	211	1
1701	175	0
856	50	1
579	25	0
800	49	1
2116	104	0
363	275	0
807	76	1
2068	4	0
1818	273	1
1302	112	1
433	174	0
1398	206	0
483	50	1
80	244	1
2263	197	0
1813	198	1
1414	146	0
1655	186	0
652	34	1
2104	165	1
1992	142	1
634	171	0
1581	258	0
2199	136	0
880	50	1
228	46	0
1075	77	1
260	108	0
1017	204	0
737	69	0
1100	131	0
561	174	1
1608	148	1
623	254	0
613	205	0
21	132	1
839	176	0
131	15	1
721	219	0
1500	138	1
32	244	1
776	94	1
1845	35	0
1696	173	1
42	128	0
16	146	0
151	19	1
59	139	1
456	50	1
870	76	1
790	274	0
30	76	1
592	218	1
1234	217	0
1471	116	1
1554	143	0
1017	1	0
1821	179	0
1129	23	0
11	178	1
1189	285	0
1022	44	0
147	19	1
2221	64	0
1785	48	0
2069	113	0
1744	39	0
406	30	1
792	49	1
1897	218	1
536	280	0
166	218	1
407	133	1
542	48	1
32	49	1
260	6	1
1036	77	1
1243	93	1
1617	114	1
768	48	1
1906	182	0
1464	135	0
1199	60	0
56	6	1
964	26	0
1757	139	0
798	48	1
1583	11	0
238	6	1
541	48	1
1757	290	1
2257	112	1
852	234	0
1917	224	0
1950	234	0
2172	244	1
66	7	1
885	53	1
1275	105	1
643	174	1
1554	284	0
1033	142	1
137	210	0
1970	283	0
210	8	1
14	77	1
109	50	1
1020	139	1
77	55	1
934	58	1
125	11	1
2041	177	0
2207	257	1
253	24	0
16	32	1
2024	228	0
134	123	1
30	5	1
862	50	1
664	48	1
475	34	1
620	20	0
134	18	1
703	30	0
1274	88	0
1393	26	1
549	112	0
476	28	0
349	177	0
215	6	1
714	34	1
1427	193	0
99	182	0
382	90	1
1596	145	1
1227	81	0
461	34	1
83	244	1
127	261	0
68	132	1
62	86	0
229	178	0
621	218	1
337	38	0
1766	66	0
376	227	0
2056	248	0
996	210	1
1929	109	0
723	3	0
704	74	0
101	170	0
1507	249	0
1413	0	0
2284	213	0
2286	26	0
772	48	1
390	227	0
25	20	0
681	13	0
1472	212	0
956	272	0
673	291	0
1051	77	1
198	8	1
11	150	0
398	292	0
1673	191	0
1287	119	0
1007	59	0
50	177	1
1538	258	0
214	253	0
116	139	1
181	6	1
178	123	1
217	222	0
310	266	0
2233	274	0
954	58	1
1762	270	0
462	109	0
2172	276	0
2038	173	0
1142	273	1
1504	138	1
1307	114	1
563	34	1
1436	295	0
92	50	1
676	166	0
102	126	0
38	120	0
2130	135	0
2211	258	1
290	162	0
1837	52	0
1443	298	0
2065	165	1
2143	244	1
583	34	1
111	226	1
2165	244	1
212	6	1
1483	135	1
2256	192	0
678	76	1
618	169	0
494	34	1
2135	281	0
32	211	1
73	215	0
240	6	1
816	166	0
103	86	1
452	137	0
1787	110	0
501	117	0
101	226	1
4	3	1
460	142	1
911	134	1
1711	263	0
32	76	1
16	259	0
307	6	1
706	67	0
263	6	1
1049	233	0
263	208	0
33	108	1
366	14	0
96	77	1
420	34	1
2321	287	0
634	218	1
1497	138	1
1194	227	0
113	77	1
58	48	1
1251	134	1
748	114	0
784	48	1
663	34	1
99	94	0
535	48	1
90	244	1
1291	161	0
160	75	0
533	23	0
215	187	0
1136	82	1
2313	290	1
768	212	0
1022	75	1
1396	26	1
84	7	1
814	252	0
572	34	1
1903	218	1
840	50	1
475	48	1
1002	72	1
643	34	1
1326	55	0
791	23	0
107	226	1
1349	4	0
1893	226	1
904	116	1
1730	229	0
648	34	1
901	116	1
103	257	1
784	49	1
585	44	1
78	55	1
1482	241	0
540	48	1
989	67	1
2264	174	0
332	288	1
1124	77	1
886	13	0
1757	182	1
2325	297	1
1495	155	0
1602	264	0
1826	206	1
717	34	1
1477	83	0
733	22	0
470	50	1
634	143	0
621	142	1
1795	189	1
2289	62	0
1428	11	1
877	76	1
638	241	0
647	44	1
1100	164	0
1490	131	0
357	6	1
497	71	0
2136	150	0
226	6	1
731	45	1
2015	227	0
76	244	1
875	227	1
1832	191	0
143	6	1
457	86	1
1192	140	0
1908	239	0
223	209	0
484	126	0
2036	72	0
97	7	1
2055	178	0
308	30	0
634	138	1
522	34	1
215	82	0
1741	218	1
1885	139	0
2321	118	0
828	218	1
402	293	0
942	59	1
703	48	1
2167	13	0
501	34	1
47	207	1
1012	63	0
1970	101	0
45	124	1
443	155	0
2045	120	0
1613	148	1
13	4	1
1940	288	1
709	34	1
2322	254	0
789	48	1
616	94	0
1759	182	1
2229	265	0
1549	142	1
1414	165	0
465	94	1
1175	90	1
846	61	1
1938	253	0
1598	145	1
265	244	0
1384	26	1
321	77	1
699	60	0
679	50	1
2113	234	1
684	107	0
450	155	0
225	6	1
424	34	0
1515	138	1
314	262	0
1635	117	0
2208	257	1
2259	112	1
1242	288	1
835	109	0
1128	77	1
1414	293	0
1226	274	0
494	48	1
140	123	1
1379	16	0
47	164	1
30	62	1
1926	222	0
1177	91	1
732	292	0
2034	227	1
1500	214	0
68	34	1
966	174	0
1964	237	0
502	48	0
332	6	1
350	167	0
843	132	1
364	173	0
1873	211	1
844	226	1
1131	264	1
1588	145	1
1007	132	1
437	117	0
50	211	1
2307	99	0
2055	91	0
708	293	1
58	138	1
2239	182	0
827	259	0
1083	200	0
1028	174	1
482	255	0
2074	97	0
511	113	1
371	169	0
455	94	1
122	11	1
1504	58	0
1549	7	0
876	286	0
171	6	1
844	76	1
1659	218	1
2175	225	0
2321	11	0
885	143	0
723	44	1
317	6	1
1355	36	0
663	59	0
1610	148	1
1774	202	0
492	70	0
205	6	1
976	150	0
640	129	0
2299	244	0
1221	296	0
133	111	0
2150	244	1
1389	26	1
644	283	0
429	228	0
705	48	1
1029	105	1
970	147	0
1140	272	0
912	53	1
1297	263	0
1205	140	0
136	8	1
105	50	1
2155	257	0
1817	273	1
1131	17	0
179	165	1
456	48	1
436	158	0
966	142	0
2236	81	0
141	123	1
547	93	0
160	104	0
2263	112	1
1389	24	0
771	8	0
1322	139	0
142	283	0
709	262	1
834	101	0
1001	72	1
632	34	1
1213	91	1
809	142	1
1935	68	0
626	120	0
2286	135	0
33	142	1
186	260	0
32	137	0
187	296	0
551	34	1
26	5	1
65	7	1
279	6	1
389	29	0
1666	86	0
1595	218	1
25	5	1
2229	26	0
204	184	0
630	70	0
1481	116	1
693	34	1
797	218	1
328	173	0
715	77	1
131	47	1
638	34	1
1536	138	1
369	138	1
1785	266	1
516	50	1
2210	106	0
30	7	1
1740	226	1
957	72	0
193	6	1
520	34	1
544	290	0
819	170	0
180	250	0
2033	232	0
434	244	1
114	6	1
436	244	1
1046	5	0
2011	114	0
319	42	0
1768	86	1
84	4	0
40	191	0
679	48	1
1004	258	0
2130	244	1
497	50	1
991	280	1
128	165	1
1103	228	0
46	5	1
1529	138	1
438	151	0
1171	90	1
30	33	1
1018	75	1
444	34	1
32	220	1
626	50	1
2023	22	0
605	50	1
2206	256	1
1414	161	0
817	45	0
1817	147	0
868	98	0
1656	274	1
1575	198	0
112	50	1
1360	118	0
2116	122	0
1947	220	1
732	265	0
45	50	1
543	34	1
1148	248	0
351	249	0
1267	103	1
708	173	1
1577	95	0
130	14	1
1448	66	0
1647	156	1
383	273	1
797	49	1
2056	227	1
1881	278	0
258	151	0
511	173	1
11	4	1
879	168	0
1598	265	0
1482	134	1
1754	31	0
954	26	1
187	196	0
1262	101	1
1143	31	0
108	27	0
1535	74	0
365	15	0
40	5	1
102	50	1
325	138	1
36	5	1
1070	5	0
504	222	0
1171	75	0
1317	292	0
865	160	0
1321	175	0
371	108	0
2044	258	0
1801	194	1
71	7	1
50	23	0
747	134	0
964	81	0
493	14	0
526	141	0
443	130	0
1048	4	0
1463	132	1
828	165	0
1401	140	0
2049	282	0
367	50	1
648	185	0
1223	27	0
1265	102	1
47	179	1
1601	165	1
386	113	0
540	34	1
103	128	1
1521	114	1
1492	136	1
364	6	1
432	58	1
128	69	1
202	9	0
1798	125	0
471	143	0
115	58	0
2288	288	1
446	227	1
758	297	0
503	34	1
1081	197	0
439	40	1
508	148	0
2017	226	1
1989	189	0
911	116	1
9	34	1
33	61	1
57	267	0
1794	86	1
336	179	0
235	55	0
978	226	1
1095	77	1
1476	116	1
714	251	0
1232	114	0
1065	77	1
1447	132	1
671	250	0
1258	139	0
1560	151	0
1272	204	0
309	6	1
556	50	1
687	34	1
465	34	1
1109	77	1
47	11	1
903	116	1
1213	282	0
643	111	1
437	42	1
1635	234	0
164	90	0
676	61	1
1521	138	1
2125	241	1
673	203	0
875	50	1
220	252	0
2067	266	0
1236	48	0
116	286	1
41	198	1
2176	273	0
1849	159	0
1358	103	0
69	50	1
1349	81	0
1470	134	1
2137	18	0
680	50	1
1686	282	0
74	50	1
157	6	1
809	124	1
982	284	0
329	182	1
1855	211	1
47	244	1
964	64	1
678	48	1
1441	98	0
2033	227	1
236	6	1
1407	176	0
642	34	1
55	5	1
713	216	0
6	91	1
389	60	0
1740	137	0
30	174	0
825	50	1
246	27	0
1903	38	0
114	8	1
185	193	0
1161	215	0
2020	151	0
732	235	0
537	34	1
243	291	0
1383	26	1
1078	77	1
32	266	1
386	34	1
1045	219	0
1423	26	1
1595	273	1
2113	137	0
2128	295	0
149	34	1
1326	94	1
1625	39	0
2217	265	1
1297	66	0
1911	218	1
534	34	1
1454	15	0
524	48	1
1669	172	0
703	50	1
1822	191	0
1194	186	0
517	34	1
314	106	0
582	142	1
1691	234	0
1057	289	0
156	243	1
247	6	1
1057	77	1
1182	91	1
238	165	1
95	165	1
338	219	0
1474	134	1
354	176	0
432	130	0
61	7	1
643	48	1
739	48	1
504	48	1
925	138	1
2312	248	0
1655	68	0
313	181	0
852	50	1
161	6	1
818	50	1
308	53	1
1379	26	1
47	5	1
2141	235	0
1457	16	0
1550	204	0
2032	80	0
505	34	1
366	298	0
2004	247	1
33	253	1
123	220	0
307	165	1
437	218	1
2098	246	0
111	138	1
1332	101	0
9	139	1
893	222	0
1115	77	1
50	218	1
1484	135	1
312	168	0
2203	169	0
1705	174	1
1697	98	0
343	91	1
1387	181	0
330	257	0
405	29	1
671	247	0
690	220	0
1462	194	0
867	14	0
1669	119	0
32	165	1
1057	155	0
673	48	1
1103	22	0
461	278	0
2289	6	0
1257	71	0
1831	207	1
624	25	0
1560	46	0
2220	217	1
753	36	0
1277	157	0
81	50	1
2098	234	0
2164	244	1
204	111	0
371	14	0
2210	258	1
1274	294	0
776	48	1
1221	227	1
1079	188	0
943	37	0
82	7	1
714	69	0
1731	174	1
1153	266	0
219	152	0
50	132	1
1440	130	1
1704	174	1
1566	244	1
87	142	1
395	28	1
937	93	0
329	6	1
1245	165	1
848	50	1
400	217	0
1426	26	1
1635	202	0
1987	142	1
1654	156	1
1233	91	1
2167	56	0
366	88	0
1603	51	0
1464	132	1
1947	219	0
207	6	1
1837	211	1
673	34	1
752	271	0
2175	244	1
202	6	1
517	276	0
2260	178	0
634	50	1
544	142	1
50	198	1
95	96	0
2092	159	0
2029	172	0
722	125	0
1130	77	1
906	53	1
2317	297	0
1761	182	1
266	148	0
187	132	1
1322	94	1
103	267	1
311	154	0
176	53	0
2277	143	0
1579	71	1
1031	77	1
1250	179	0
457	194	0
807	138	1
1514	240	0
307	257	0
1797	142	0
89	50	1
44	210	0
1674	169	1
1634	263	0
103	288	1
547	48	1
21	6	1
2303	143	0
14	34	1
1507	83	0
1058	3	0
94	7	1
983	147	0
57	13	1
1316	177	0
68	88	1
800	50	1
1911	181	0
2159	244	1
833	218	1
1982	54	0
32	64	1
1428	44	0
507	34	1
574	287	0
1701	84	0
815	244	1
1433	231	0
649	139	0
216	6	1
50	64	1
1477	134	1
32	61	1
1009	237	0
789	213	1
2087	165	1
128	243	1
988	217	0
1726	131	0
708	48	1
1588	27	0
1625	116	1
47	76	1
2294	174	0
1626	220	0
2002	225	1
253	21	0
785	49	1
134	243	1
911	110	0
759	4	0
928	138	0
2183	245	1
511	77	1
1952	223	1
1514	95	0
32	185	1
71	180	0
301	294	0
1919	218	1
1142	85	1
2307	11	0
2144	28	0
1202	131	0
2148	280	0
1529	80	0
1103	77	1
1106	168	0
1153	88	1
2130	287	0
1832	158	0
1346	94	1
1023	75	1
1111	247	0
818	132	1
1070	54	0
205	258	0
1791	203	0
68	200	0
127	76	1
917	170	0
1156	196	0
267	293	0
1204	91	1
1671	143	0
539	287	0
1101	77	1
51	50	1
2205	5	0
164	6	1
600	167	0
1045	77	1
529	98	0
1959	223	1
95	276	1
1739	174	1
462	126	0
622	34	1
423	138	1
325	86	1
1485	139	1
136	165	1
39	64	1
547	50	1
994	72	1
2322	9	0
105	86	1
1077	142	1
846	50	1
777	17	0
187	190	0
1242	52	0
127	26	1
103	91	1
307	79	0
1160	88	1
1197	182	0
77	50	1
558	34	1
2217	198	0
554	218	1
1133	264	0
149	118	1
383	177	0
337	182	0
562	69	0
1378	138	1
13	178	1
1298	109	1
707	34	1
789	49	1
652	283	0
2001	225	1
235	6	1
1958	228	0
19	185	0
2135	182	0
1824	274	0
2259	150	0
136	123	1
106	86	1
597	142	1
1019	138	1
2055	227	1
846	164	0
1851	46	0
1196	196	0
2133	113	0
745	64	0
1699	173	1
98	7	1
719	34	1
71	45	1
523	79	0
1493	137	1
1438	211	1
2197	251	1
182	41	0
1540	127	0
671	275	0
1694	102	0
898	53	1
1250	88	1
380	25	1
149	61	1
566	8	0
925	271	0
519	285	0
180	243	1
1050	218	0
363	182	1
915	258	0
1160	1	0
708	266	0
648	48	1
256	276	0
41	66	1
39	297	0
57	6	1
703	25	0
383	270	0
1303	113	1
1005	76	1
1602	137	0
109	55	1
1264	189	0
1504	73	0
320	6	1
722	215	0
2272	156	0
59	1	0
1944	227	0
648	272	0
1713	174	1
1161	296	0
2193	132	0
469	34	1
36	106	0
135	19	1
60	180	0
128	123	1
461	112	0
1854	144	0
710	189	0
460	50	1
1012	91	1
346	6	1
921	53	1
942	125	0
1184	224	0
46	113	0
1673	169	1
889	53	1
634	72	1
1334	230	0
2122	29	0
801	108	1
2148	169	0
804	264	0
1301	111	1
264	6	1
58	72	1
1857	172	0
434	114	0
1632	261	0
2032	69	0
1151	38	0
270	6	1
1859	136	0
2110	70	0
1794	74	0
1342	109	0
6	3	1
2074	287	0
649	34	1
996	72	1
182	6	1
119	17	1
1562	138	1
1097	90	0
954	216	1
788	81	0
179	133	0
317	16	0
1843	275	0
587	34	1
113	50	1
263	165	1
1513	152	0
1292	73	0
796	49	1
605	80	0
126	12	1
58	50	1
1195	77	0
1305	182	0
864	76	1
386	135	1
1803	221	0
1846	211	1
906	173	0
35	30	0
2278	44	1
135	165	1
231	6	1
855	277	0
78	231	0
303	104	0
2244	152	0
45	5	1
737	47	1
1002	38	0
217	232	0
2024	226	1
802	50	1
1078	4	0
1992	128	0
434	50	1
1312	84	0
99	244	1
1436	128	1
1822	201	1
2052	227	1
419	77	1
884	53	1
64	83	0
95	226	1
276	139	0
1396	209	0
1038	77	1
1125	105	1
671	111	1
634	49	1
1791	86	1
1593	152	0
802	200	0
379	245	0
708	34	1
1419	26	1
1563	34	1
1240	41	0
674	34	1
108	7	1
1697	107	0
1648	156	1
103	165	1
410	118	0
1453	132	1
733	132	0
1461	85	0
923	249	0
1729	174	1
860	157	0
1599	129	0
1513	138	1
763	141	0
883	214	0
109	166	0
1231	288	1
1814	215	0
1966	252	0
1373	125	0
554	102	0
526	48	1
453	43	1
2313	149	0
799	40	0
634	142	1
1020	75	1
2097	47	0
1763	137	0
2065	123	0
613	218	1
68	205	0
1026	83	0
381	167	0
886	53	1
394	145	0
1550	138	1
1617	32	0
988	218	1
473	50	1
1968	262	0
616	34	1
2154	244	1
909	142	0
216	256	0
8	50	1
403	206	1
926	91	1
2302	138	0
391	189	0
1280	0	0
396	28	1
47	72	1
2240	131	0
1573	142	1
147	20	0
501	235	0
800	48	1
2213	298	0
284	204	0
135	123	1
1144	122	0
788	174	0
819	0	0
238	182	1
1403	138	1
186	6	1
877	174	1
2053	287	0
1590	28	0
1124	142	1
1247	93	1
1520	138	1
423	207	1
177	105	1
329	91	1
1377	102	0
1631	116	1
1599	238	1
293	237	0
887	53	1
1164	156	0
1020	82	0
2252	145	0
2193	72	1
1019	75	1
1687	265	0
1988	223	0
395	41	0
201	31	0
1549	167	0
727	232	0
1766	186	1
90	7	1
994	127	0
318	221	0
191	6	1
1243	119	0
498	227	0
2176	59	0
1158	116	1
348	6	1
4	163	0
280	49	1
1406	217	0
1557	138	1
58	132	1
1059	77	1
1546	244	1
565	159	0
842	142	1
1561	13	0
249	93	0
1153	272	0
208	6	1
691	34	1
1854	264	0
843	50	1
2119	216	1
155	115	0
1233	1	0
593	13	0
1050	77	1
104	43	1
222	296	0
702	279	0
804	124	0
1671	166	1
103	174	1
400	224	0
1154	199	0
95	34	1
399	206	1
643	105	1
136	211	0
1878	276	0
1947	299	0
841	232	0
65	50	1
1557	186	0
592	72	1
1406	220	0
383	25	1
717	127	0
904	88	1
791	152	0
994	85	0
462	34	1
1897	240	0
1229	249	0
1926	188	0
844	77	1
1917	218	1
41	32	0
136	19	1
1119	253	0
317	65	0
135	186	0
58	26	1
684	48	1
1578	178	1
867	81	0
344	121	0
318	34	1
843	76	1
1979	142	1
1279	4	0
32	284	1
744	48	1
50	5	1
1735	174	1
30	12	0
1948	220	1
1523	297	0
404	70	0
1547	282	0
1863	244	0
1854	97	0
1858	211	1
581	222	0
1231	206	0
1740	26	0
1706	195	0
1133	280	1
1231	91	1
1895	60	0
436	83	0
1566	101	0
1213	238	0
396	129	0
752	48	1
1101	97	0
1246	136	0
880	246	0
76	50	1
2058	212	0
1964	193	0
1018	1	0
726	42	0
595	133	0
33	5	1
562	34	1
160	49	1
400	275	0
181	77	1
1341	263	0
47	199	1
2	2	1
32	94	1
1388	26	1
151	28	0
710	34	1
1	257	0
191	159	0
788	49	1
243	293	0
868	50	1
542	50	1
211	209	0
2240	284	0
2072	111	0
438	188	0
386	97	0
1734	280	0
512	73	0
170	91	1
233	204	0
1965	191	0
1595	145	1
1758	290	1
1785	86	1
773	299	1
520	223	0
997	244	0
1064	77	1
1026	174	1
1415	147	0
1900	176	0
280	26	1
2064	230	1
2031	114	0
561	72	1
1839	269	0
47	169	0
1151	88	1
239	273	1
671	50	1
1210	91	1
57	8	1
1291	82	0
193	190	0
676	173	1
914	139	0
1194	91	1
50	50	1
1160	116	1
1706	261	0
170	205	0
2047	19	0
47	48	1
483	135	0
778	94	1
2000	242	0
1627	116	1
2049	295	0
1276	287	0
2228	261	0
927	53	1
2225	267	1
1521	244	1
565	61	1
554	72	1
841	142	1
1053	77	1
975	43	0
561	142	1
2271	44	1
121	50	1
802	108	1
745	48	1
2042	227	1
707	142	1
91	48	1
2143	140	0
138	165	1
76	7	1
2215	265	1
818	49	1
1744	121	0
1036	7	0
1028	127	0
420	181	0
1317	22	0
685	34	1
2012	188	0
1831	185	0
479	48	1
641	218	1
1611	148	1
1506	46	0
1362	45	0
719	76	1
712	34	1
1619	116	1
785	34	1
2203	253	1
486	115	0
1883	280	0
1236	139	1
149	287	0
1024	174	1
1236	91	1
321	64	1
556	218	1
971	81	0
513	48	1
1254	55	0
509	181	0
2216	71	0
840	138	1
78	50	1
104	34	1
1218	201	0
841	60	0
1425	26	1
963	217	0
419	183	0
668	127	0
1722	174	1
843	77	1
2245	250	0
1190	91	1
804	218	1
1403	218	1
310	20	0
1724	174	1
2004	177	0
913	103	1
777	48	1
1908	223	1
227	6	1
383	104	1
1201	91	1
1669	279	0
1028	77	1
1514	31	0
1490	135	1
483	48	1
507	196	0
1560	272	0
1211	209	0
559	34	1
1489	135	1
1618	116	1
825	61	1
236	124	0
113	6	1
1037	77	1
97	109	1
1910	218	1
907	218	0
481	34	1
1431	45	0
806	174	1
1100	77	1
1241	91	1
745	133	0
1579	0	0
688	34	1
602	34	1
128	13	1
1257	93	1
142	123	1
1335	140	0
1926	209	0
1335	93	0
659	245	1
2009	42	0
1966	117	0
887	58	0
1692	172	1
92	7	1
597	105	1
756	48	1
1254	297	0
1129	46	0
876	138	1
1942	245	0
1223	190	0
72	162	0
981	293	0
926	53	1
934	57	1
923	53	1
488	162	0
1636	116	1
2325	153	0
1426	249	0
1879	211	1
1755	84	0
291	6	1
1282	184	0
68	7	1
187	6	1
672	270	0
0	0	1
21	4	1
571	34	1
103	48	1
1784	86	1
1219	116	1
1786	107	0
42	191	0
280	138	1
1498	180	0
539	0	0
1858	161	0
353	291	0
2115	117	0
1225	167	0
1970	130	0
1210	174	0
1405	26	1
407	167	1
5	54	0
713	34	1
1960	223	1
1886	110	0
744	52	0
8	41	1
1043	77	1
95	50	1
1036	76	0
319	6	1
1031	252	0
320	138	0
748	130	0
703	34	1
434	208	0
1645	153	1
2187	125	0
986	107	0
2191	246	1
635	77	1
2004	106	0
1037	158	0
816	186	0
924	88	1
634	223	1
1195	62	0
2253	274	1
1018	226	1
32	198	1
2006	225	1
2106	165	1
294	38	0
465	138	1
579	34	1
1211	23	0
113	48	0
2121	147	0
105	212	1
1513	285	0
1468	194	1
495	50	1
1860	230	0
1574	59	0
138	19	1
726	52	0
1438	127	1
9	50	1
376	24	1
502	117	1
602	148	0
1075	158	0
1688	135	0
944	211	0
1713	211	0
75	7	1
32	54	0
566	34	1
627	139	1
301	74	0
77	148	0
1214	178	0
1255	53	0
968	176	0
1844	211	1
1748	177	1
1523	139	1
484	176	0
419	33	1
1026	77	1
1288	92	0
20	4	1
2120	155	0
1054	134	0
907	203	0
1666	210	1
2228	96	0
791	49	1
258	240	0
2088	49	0
96	40	1
471	34	1
319	23	0
1556	138	1
1663	150	0
2051	82	0
180	8	1
387	118	0
1988	27	0
484	25	0
651	34	1
1462	132	1
476	50	1
613	34	1
198	165	1
1139	83	1
2244	36	0
336	6	1
1803	125	0
967	64	1
823	142	1
1658	51	1
384	255	0
35	5	1
1029	142	1
1250	134	1
139	57	0
350	6	1
1415	193	0
562	77	1
2231	270	1
1377	182	0
1210	288	1
1193	91	1
1903	101	0
1435	199	1
391	205	0
1503	92	0
436	50	1
1261	220	0
2258	86	0
1024	161	0
2267	90	0
1437	208	0
66	138	1
1476	134	1
752	163	0
1653	156	1
686	48	1
1370	21	0
1113	264	0
566	159	0
902	53	1
1865	223	0
142	6	1
1229	288	1
218	133	0
396	94	0
648	209	0
1882	211	1
795	76	0
419	50	1
874	193	0
2307	155	0
1048	77	1
526	171	0
2265	297	1
1317	17	0
626	177	1
367	48	1
1571	140	1
246	6	1
1268	174	1
2042	100	0
538	17	0
1857	141	0
115	139	1
594	261	0
363	6	1
1233	279	0
1523	174	1
241	182	0
1350	28	0
709	180	1
1071	90	0
69	28	1
1811	247	0
816	61	1
1935	220	1
1076	231	0
1652	21	0
627	61	1
1215	282	1
1785	189	0
1113	77	1
1270	224	0
1688	216	0
62	50	1
1321	144	0
575	48	1
705	34	1
673	150	1
161	44	0
2194	161	0
2026	226	1
72	93	0
47	230	0
802	139	1
1961	223	1
347	6	1
1730	174	1
613	209	0
970	65	1
50	266	1
596	77	1
625	218	1
537	117	0
37	5	1
14	227	1
431	37	1
757	137	0
1429	151	0
922	19	0
1662	259	0
358	153	0
1802	254	0
676	244	1
548	220	1
900	88	1
1495	237	0
63	244	1
390	228	0
2248	273	1
1349	123	0
1566	5	0
2267	163	0
1778	217	1
2277	79	0
107	7	1
1585	298	0
656	34	1
392	138	1
298	55	0
705	50	1
522	88	0
1469	130	0
1581	22	0
2307	172	0
1508	298	0
1478	134	1
1173	21	0
1687	217	0
240	12	0
1981	248	0
674	174	1
681	48	1
105	40	1
397	165	0
71	226	1
2287	115	0
193	64	0
1138	83	1
932	206	0
1041	267	0
2126	243	1
845	218	1
1331	50	0
1416	253	0
1662	159	1
1830	207	1
858	50	1
1495	171	0
1922	219	1
2069	165	1
1231	20	0
67	26	0
1222	91	1
620	34	1
10	219	0
2087	1	0
50	138	0
538	3	0
1220	291	1
925	297	0
1071	51	0
369	285	1
314	53	1
59	226	1
684	34	1
1355	125	1
1390	208	0
337	6	1
1095	179	0
163	39	0
879	254	0
50	105	1
543	263	0
1259	99	1
410	262	0
112	242	0
12	88	0
1407	226	0
951	61	1
299	6	1
32	252	1
385	76	0
875	77	1
1828	41	0
1370	161	0
634	186	0
1739	212	0
400	79	1
202	168	0
877	205	0
196	6	1
2011	211	0
1748	47	0
352	213	0
2116	151	0
1917	212	0
32	226	1
2107	299	0
72	7	1
1908	218	1
904	53	1
394	28	1
580	76	0
1002	118	0
2040	227	1
511	34	1
1408	26	1
839	86	1
644	10	0
827	50	1
953	6	0
2227	299	0
834	96	0
219	224	0
1015	75	1
1586	196	0
2208	141	0
1675	169	1
1654	185	0
1598	267	1
47	102	1
1373	26	1
75	244	1
1124	218	1
337	288	1
879	218	1
611	218	1
844	132	1
112	244	1
403	108	1
8	244	1
1457	265	0
1723	174	1
91	226	1
2123	240	1
158	53	1
163	6	1
443	293	0
145	27	0
500	34	1
1910	261	0
1534	138	1
541	241	0
31	73	1
108	296	0
1851	153	0
103	6	1
554	24	0
1925	220	1
2011	284	0
708	193	0
280	218	0
539	34	1
459	118	0
2155	185	0
491	34	1
585	26	1
841	50	1
2135	38	0
814	50	1
1622	116	1
1432	11	1
1594	281	0
2240	1	0
311	6	1
1586	145	1
1540	263	0
1252	214	0
493	48	1
215	192	0
1511	138	1
639	222	0
1470	116	1
47	226	1
2027	227	1
1129	77	1
1882	200	0
1737	174	1
2322	295	1
1711	166	0
2147	74	0
74	13	0
2031	224	0
1016	75	1
1557	65	0
1014	107	0
1906	75	0
1187	161	0
1780	86	1
1237	127	0
470	226	0
997	166	0
2196	81	0
797	26	1
1386	111	0
446	50	1
828	50	1
1227	288	1
1379	295	0
161	165	1
983	120	0
1283	223	0
1209	91	1
624	34	1
709	48	1
1476	282	0
722	45	1
1849	209	0
321	281	1
118	151	0
1407	26	1
943	61	1
807	243	0
11	215	0
2097	165	1
1802	194	1
1891	206	1
1666	160	1
1297	109	1
471	208	0
325	53	1
2169	244	1
1743	174	1
1012	244	1
1483	206	1
41	5	1
557	126	0
2125	135	0
306	271	0
814	285	1
266	153	0
778	48	1
787	218	0
1345	128	1
85	5	0
855	76	1
732	50	1
1863	211	1
1332	122	0
64	244	1
162	165	1
808	218	1
758	48	1
1437	91	0
74	113	0
2271	156	0
1488	135	1
314	209	0
2187	137	0
1197	288	0
109	7	1
2311	288	1
294	42	0
1601	230	1
360	6	1
1273	13	0
1112	77	1
493	34	1
1983	163	0
989	178	0
1628	116	1
1027	174	1
1733	237	0
320	145	1
232	34	0
857	50	1
1592	151	0
2045	63	0
321	42	1
1128	142	1
888	53	1
1157	116	1
2122	240	1
1652	187	0
580	34	1
32	21	1
273	221	0
1959	54	0
707	211	1
21	91	1
32	7	1
385	177	0
1799	68	0
1813	23	0
2245	80	0
1914	242	0
679	38	0
1126	218	1
1777	235	0
2221	267	1
1061	77	1
203	6	1
1036	276	0
103	229	1
563	77	1
2188	212	0
729	128	0
8	4	1
737	291	0
2196	248	1
33	288	1
74	48	0
689	50	1
2061	227	1
2148	37	0
1514	138	1
56	13	1
364	163	0
1910	182	0
421	248	0
1676	169	1
2127	115	0
1559	136	0
1036	125	0
139	6	1
2195	72	1
1509	138	1
2024	113	0
729	262	0
1824	164	0
318	6	1
285	241	0
109	171	0
379	25	1
737	262	0
550	48	1
935	137	0
2277	44	1
1401	265	0
2023	178	0
2029	90	0
138	194	1
1357	126	1
83	178	1
738	123	0
57	19	1
886	88	1
1768	30	0
1706	69	0
1973	142	1
1740	178	0
2267	44	1
1975	66	0
689	45	1
465	227	0
476	34	1
28	5	1
1766	132	0
709	63	0
475	50	1
324	6	1
910	176	1
1834	278	0
1645	92	0
2320	294	1
481	7	0
640	112	0
438	244	1
372	90	0
1467	134	1
2211	214	0
295	6	1
106	50	1
178	275	0
1694	260	0
2021	226	1
1524	138	1
1575	143	1
424	35	1
472	34	1
380	177	0
871	50	1
1786	86	1
588	34	1
1832	62	0
1641	59	0
721	55	0
1938	220	1
2257	279	1
809	157	0
1270	105	1
1349	245	1
58	86	1
173	30	0
2253	107	0
1193	197	0
86	273	0
133	6	1
904	125	0
1	116	0
358	72	1
1686	139	1
156	288	1
516	132	1
229	297	0
293	205	0
1185	127	0
229	6	1
1288	232	0
73	7	1
921	257	0
1053	116	0
213	6	1
387	147	0
946	61	1
404	95	0
596	51	0
749	116	0
475	192	0
127	34	1
436	174	1
1304	131	1
867	142	1
2299	55	0
2198	186	0
1654	274	1
1738	174	1
2098	183	0
188	244	0
413	31	1
104	211	1
1744	174	1
688	48	1
1592	201	0
4	45	0
2032	227	1
982	163	0
1276	261	0
411	30	1
999	72	1
1971	251	0
244	6	1
1155	222	0
50	7	1
583	273	0
710	50	1
781	48	1
2057	227	1
522	106	0
1083	109	1
1978	155	0
1492	98	0
623	265	0
494	265	0
1018	26	1
1317	123	1
1659	273	1
134	6	1
513	50	1
125	12	0
1301	207	1
1371	26	1
2315	178	0
506	243	0
1578	157	0
922	279	0
1614	6	0
1261	138	0
1641	10	0
1842	255	0
281	56	0
104	139	1
1578	119	0
1038	246	0
1525	7	0
1487	139	1
1406	244	1
242	114	0
2188	243	1
437	94	1
111	7	1
1464	251	0
2304	77	0
1694	141	0
74	7	1
78	138	1
1401	26	1
1048	230	0
1423	61	0
1228	99	0
168	145	1
786	48	1
677	34	1
834	50	1
1429	110	0
1816	199	1
870	166	0
563	105	1
1459	268	0
2023	226	1
680	46	0
1143	172	1
2306	288	1
359	214	0
353	185	0
195	6	1
2220	271	0
2322	258	0
1144	71	0
1327	94	1
368	121	1
1765	210	0
1929	220	1
1020	26	1
1890	212	1
70	48	0
1907	271	0
834	141	0
1002	76	0
99	7	1
452	43	1
2055	49	0
275	208	0
1652	77	0
1219	100	0
1378	46	0
134	194	1
2064	285	0
30	132	1
683	50	1
104	7	1
553	141	0
1287	110	1
987	151	0
1970	95	0
1083	207	1
843	172	1
1808	195	1
819	174	1
1885	231	0
480	34	1
62	7	1
986	239	0
862	218	1
1534	256	0
1982	61	0
1799	200	0
1626	116	1
467	105	1
813	36	0
524	126	0
1408	279	0
2149	21	0
1430	74	0
879	50	1
1186	165	1
1503	180	0
2219	265	1
681	94	0
192	222	0
920	88	1
1997	289	0
316	6	1
437	77	1
843	259	0
43	5	1
612	275	0
881	76	1
1118	77	1
901	88	1
640	34	1
1806	194	1
2158	244	1
1184	21	0
1250	274	0
700	200	0
1335	33	0
956	257	0
1926	189	0
1783	285	0
878	76	1
1984	142	1
2220	189	0
1344	24	0
500	260	0
1448	132	1
71	151	0
1774	86	1
47	86	1
572	70	0
679	268	0
137	288	1
683	34	1
384	26	1
1095	192	0
656	178	0
458	34	1
2147	244	1
1550	297	1
1453	278	0
654	203	0
32	223	1
424	49	1
2231	75	0
1431	242	0
725	98	0
2176	225	0
405	257	0
322	6	1
783	174	1
848	175	1
35	275	0
271	259	0
233	249	0
1888	262	0
513	34	1
2090	169	0
1095	207	0
2183	216	0
32	34	1
787	49	1
1453	280	0
1033	77	1
63	50	1
2039	213	0
1688	5	0
1805	116	0
1810	198	1
59	9	1
289	6	1
582	174	1
264	182	1
374	24	1
585	34	1
818	142	1
1887	281	0
1983	214	0
424	48	1
30	50	1
506	34	1
1927	220	1
2205	256	1
1604	30	0
780	213	0
112	183	1
808	160	0
1883	61	0
796	48	1
1255	192	1
1393	198	0
989	54	0
448	40	1
20	246	1
1974	142	1
2102	187	0
187	59	0
1146	109	0
1888	211	1
105	61	1
228	6	1
2307	42	0
121	244	1
104	77	1
341	6	1
500	48	1
1107	80	0
96	93	0
541	34	1
1577	155	0
2196	172	0
852	134	0
690	34	1
1834	27	0
338	178	0
1364	31	0
969	207	0
1325	66	0
1693	112	0
81	244	1
155	165	1
1733	174	1
591	34	1
100	232	0
629	77	1
235	172	0
1892	40	0
58	185	1
1474	116	1
855	284	0
1655	156	1
413	117	0
1833	97	0
249	56	0
1785	244	1
1033	86	1
1338	272	0
2008	276	0
1924	220	1
803	57	0
287	6	1
1568	216	0
526	50	1
1304	26	0
1750	250	0
1370	26	1
49	5	1
2115	232	0
1680	63	0
460	44	1
261	6	1
1523	226	1
1462	142	1
135	8	1
844	248	0
127	244	1
193	288	1
418	224	0
410	30	1
1245	93	1
503	247	0
24	144	0
75	24	0
1106	77	1
86	122	0
912	116	1
2133	224	0
820	131	0
527	34	1
1648	202	0
312	127	0
793	240	0
1253	103	0
2048	206	0
1799	198	1
1492	172	1
1233	96	0
918	227	1
320	225	1
1706	174	1
2176	244	1
2183	12	0
1456	184	1
770	48	1
1572	227	1
51	48	1
832	76	1
1096	77	1
1496	23	0
2083	120	0
422	34	1
866	188	0
102	7	1
908	53	1
2060	227	1
166	34	1
600	34	1
917	148	0
1670	165	1
1936	220	1
425	144	0
886	65	0
1256	92	0
803	50	1
871	142	1
1523	70	0
1218	179	0
1964	244	1
554	239	0
59	128	1
1550	14	0
1319	139	1
327	6	1
1575	111	0
1297	75	0
900	53	1
584	83	0
1397	26	1
166	257	1
917	53	1
448	132	1
502	77	1
979	241	0
1019	155	0
2014	206	0
2120	134	0
961	64	1
32	5	1
2190	18	0
2204	288	0
2142	250	0
1973	102	0
495	48	1
675	34	1
979	66	1
418	132	0
1579	73	0
1917	63	0
988	226	0
10	178	1
1782	86	1
1223	77	0
1247	61	0
926	210	1
421	34	1
925	53	1
2121	240	1
2212	226	0
787	48	1
2054	280	0
2304	288	1
413	240	0
242	6	1
1191	91	1
887	193	0
1303	8	0
58	244	1
2054	161	0
71	84	0
189	177	0
1610	233	0
32	109	1
611	34	1
706	34	1
2023	279	0
1848	273	0
589	34	1
338	23	0
2172	74	0
1007	202	0
727	218	1
586	162	0
79	138	1
459	5	0
2178	244	1
2162	244	1
1095	11	0
1143	235	0
644	167	0
1224	91	1
2135	116	0
863	236	0
1706	243	0
535	50	1
1442	118	0
1489	165	0
1232	276	0
1566	198	1
1615	148	1
809	72	0
782	139	0
1228	215	0
146	64	0
2056	238	0
1749	217	0
985	66	1
2145	244	1
2294	213	0
546	34	1
1248	124	0
2067	165	1
1894	218	1
892	98	0
9	145	1
862	22	0
27	5	1
1710	177	0
310	6	1
2029	227	1
266	6	1
209	96	0
801	138	1
832	77	1
616	165	0
553	34	1
1044	77	1
367	159	1
1640	150	1
550	34	1
888	194	1
56	297	0
59	132	1
446	40	1
880	52	0
2050	75	0
770	72	0
201	191	0
132	85	0
1020	73	0
1084	77	1
325	77	1
50	86	1
650	34	1
1690	11	0
2169	213	0
2007	226	1
38	5	1
1454	132	1
1126	105	1
2324	290	0
78	244	1
1974	5	0
31	5	1
945	227	1
595	72	1
524	17	0
103	34	1
1536	95	0
24	5	1
1203	91	1
956	62	1
1944	220	1
643	177	0
369	59	0
1324	295	0
2307	140	0
276	6	1
235	3	0
1663	97	0
2071	264	0
732	91	1
882	155	0
1210	189	0
2047	89	0
1459	19	0
1440	109	0
2209	292	0
1845	124	0
497	24	0
2250	273	1
624	244	1
127	40	1
809	183	0
2288	61	0
954	138	1
731	74	0
2034	61	0
1377	26	1
1004	73	1
932	55	1
273	126	0
882	191	0
1462	106	0
993	72	1
854	50	1
554	36	0
1506	227	1
275	6	1
1767	187	1
467	142	1
882	51	1
728	65	0
36	179	0
535	231	0
321	6	1
1049	2	0
1918	218	1
346	239	0
398	138	1
1192	91	1
1025	174	1
1413	26	1
2195	24	0
793	269	0
2265	35	0
587	206	0
139	8	1
1033	214	0
557	49	0
1746	177	1
2034	275	0
1155	88	1
874	218	1
547	113	0
566	61	1
480	201	0
1797	191	1
808	174	1
32	289	1
894	224	0
781	216	0
1965	1	0
1872	217	0
1935	239	0
1146	157	0
1933	143	0
2152	91	0
1660	133	0
1840	212	0
123	11	1
127	165	1
715	139	1
783	194	0
375	24	1
354	243	1
1454	193	0
1856	211	1
2015	49	0
803	133	0
103	39	1
998	77	1
478	30	0
925	89	0
1047	77	1
1621	116	1
128	8	1
258	6	1
536	34	1
1513	174	0
2166	244	1
1898	164	0
1191	230	0
851	50	1
1641	149	0
8	245	1
1450	16	0
1754	23	0
885	225	1
801	218	1
392	27	1
985	121	0
1215	91	1
2018	256	0
2223	267	1
1854	153	0
1019	250	0
1594	120	0
1304	114	1
1003	208	0
963	290	0
71	255	1
987	147	0
1181	74	0
2321	61	0
1469	116	1
2096	48	0
944	61	1
57	123	1
2164	52	0
2172	224	0
1273	165	0
1474	83	0
1848	211	1
1630	116	1
400	28	1
1918	98	0
1254	148	0
918	53	1
907	53	1
2077	165	1
556	28	0
280	6	1
1637	269	0
1495	138	1
135	99	1
473	34	1
400	99	0
1722	213	0
2220	84	0
829	218	1
563	174	1
877	26	1
227	62	0
522	298	0
928	227	1
917	237	0
2045	227	1
83	34	1
14	141	0
1952	132	1
437	175	1
79	7	1
595	34	1
103	182	1
2315	127	0
121	174	1
873	135	0
95	6	1
1627	124	0
2286	287	1
1164	88	1
1948	188	0
313	6	1
121	11	1
1443	51	0
511	50	1
971	50	0
131	34	1
2226	285	0
103	217	1
1420	279	0
238	103	0
189	6	1
571	49	1
1711	225	0
2000	225	1
1585	213	0
613	72	1
369	50	1
2158	180	0
1736	6	0
923	285	0
1803	23	0
14	17	0
961	116	0
773	142	1
1860	285	0
2302	288	1
2167	244	1
141	132	0
202	243	1
921	216	1
181	50	1
1635	284	0
876	50	1
1282	109	1
183	174	0
1	27	0
1075	250	0
1997	142	1
1360	26	1
114	271	0
418	119	0
1223	111	0
465	19	0
41	281	1
687	86	1
443	40	1
2010	226	1
733	246	1
1290	20	0
104	99	1
781	88	0
862	110	1
1185	288	1
470	292	0
447	40	1
1102	77	1
793	49	1
1152	88	1
2117	261	0
362	160	0
753	14	0
247	85	0
1194	101	0
84	50	1
2189	243	1
160	138	0
77	237	0
842	50	1
658	227	1
635	112	0
1387	26	1
627	179	0
1243	98	0
1886	211	1
643	50	1
1659	135	0
847	76	0
516	95	0
2241	79	0
1269	152	0
1215	265	0
1657	290	0
1025	181	0
2087	74	0
1287	154	0
479	34	1
49	175	0
937	45	0
2261	112	1
91	34	1
732	45	1
325	288	1
888	100	1
1276	126	0
50	34	1
763	100	0
364	107	0
819	50	1
1305	114	1
656	85	0
1002	105	0
1829	207	1
367	22	1
1401	49	0
407	116	1
1409	26	1
368	159	1
72	252	0
38	22	0
578	182	0
1147	88	1
668	146	0
210	177	0
2051	227	1
1447	137	0
1159	36	0
1690	139	1
2311	182	0
195	183	0
2252	273	1
1666	131	0
673	126	0
2	138	0
2050	227	1
1968	91	0
2302	70	0
634	58	1
1968	142	1
947	46	0
1898	82	0
2178	269	0
480	50	1
982	66	1
1502	92	0
883	35	0
2038	227	1
452	106	0
1419	55	0
1931	220	1
381	25	1
1207	194	0
362	213	0
19	4	1
1901	126	0
876	159	1
1683	139	1
232	6	1
1272	105	1
676	34	1
505	49	0
968	290	0
278	243	0
97	34	1
1049	171	0
459	34	1
1980	142	1
1007	86	1
1669	136	0
1532	101	0
66	84	1
1224	189	0
1867	213	0
485	34	1
1441	130	1
809	26	1
2314	284	0
789	44	0
33	285	1
78	281	0
2160	193	0
39	111	0
900	54	1
1709	174	1
1519	138	1
72	244	1
1981	142	1
329	12	0
546	44	0
1798	191	1
138	164	0
1327	67	0
2243	273	1
204	286	0
1332	195	0
176	257	1
46	40	0
17	4	1
901	53	1
1785	72	0
1966	142	1
106	201	0
1071	77	1
48	14	1
29	291	0
2047	203	0
9	48	1
866	50	1
974	66	1
437	40	1
2310	288	1
1398	6	0
1494	138	1
156	53	1
489	34	1
851	185	1
368	22	1
1256	8	1
2015	226	1
700	50	1
924	53	1
1578	71	1
1828	32	0
388	276	0
173	6	1
981	266	0
1196	201	0
1031	123	0
1519	29	0
205	129	0
318	50	1
680	228	0
32	91	1
154	10	0
2272	42	0
1581	218	0
69	67	0
287	145	1
103	44	1
47	138	1
51	124	0
95	121	0
369	35	0
931	55	1
2196	42	0
594	34	1
1769	86	1
318	8	1
103	88	1
187	255	0
1861	211	1
174	93	0
2151	244	1
1926	220	1
673	50	1
121	96	0
1171	145	1
808	208	0
157	203	0
1866	19	0
85	39	0
1577	91	0
8	7	1
1335	186	0
1193	46	0
19	60	0
22	287	0
2244	35	0
214	297	0
1595	267	1
961	202	0
2212	72	0
438	237	0
223	53	0
1509	254	0
881	207	0
587	102	0
633	34	1
629	142	1
246	159	0
1792	86	1
1701	173	1
481	33	0
1971	271	0
1394	26	1
197	243	1
1014	291	0
1939	220	1
158	6	1
106	217	1
1650	98	0
798	49	1
112	257	0
881	116	0
1688	139	1
438	50	1
1953	67	0
141	19	1
1698	173	1
33	116	1
811	174	1
61	244	1
304	6	1
2138	62	0
1989	54	0
558	251	0
1938	42	0
21	5	1
1274	24	0
1579	152	0
432	38	1
59	142	1
464	244	1
283	297	0
349	6	1
947	61	1
974	18	0
47	77	1
314	288	1
1398	26	1
406	272	0
539	48	1
672	50	1
52	37	0
501	50	1
783	4	0
1714	174	1
916	120	0
560	96	0
1136	116	1
1570	34	1
1187	74	0
1964	204	0
1454	283	0
1107	164	0
576	55	0
113	246	0
1439	130	1
1528	138	1
1028	105	1
1054	263	0
1860	211	1
1740	174	1
1521	256	1
1086	77	1
824	76	1
1219	117	0
166	145	1
14	4	1
180	288	1
219	288	0
2287	21	0
1007	76	1
415	32	1
129	125	0
177	113	1
96	43	0
32	44	1
2043	203	0
21	34	1
932	178	0
166	50	1
805	265	0
602	236	0
2033	35	0
195	237	0
1314	72	0
222	6	1
940	58	1
2179	244	1
327	138	1
2134	44	0
1657	298	0
885	91	1
254	9	0
1600	145	1
605	165	1
545	211	0
527	247	0
1923	33	0
2157	244	1
1657	51	1
823	171	0
1174	90	1
106	226	1
613	105	1
884	192	0
2139	19	0
1945	258	0
1806	65	0
47	50	1
1507	290	0
2285	286	1
1007	64	0
763	48	1
194	22	0
2129	244	1
2202	24	0
1332	94	1
1163	116	1
201	165	1
494	50	1
1995	142	1
1877	187	0
1119	63	0
1402	138	0
516	34	1
797	50	1
1404	12	0
1572	159	0
801	139	1
290	156	0
928	53	1
248	52	0
377	172	0
1815	4	0
633	116	0
428	50	1
365	19	1
1811	198	1
1535	53	0
1184	91	1
1970	177	0
561	77	1
2048	227	1
809	182	0
777	3	0
552	168	0
287	291	0
2103	198	0
1000	254	0
1098	52	0
403	48	1
517	50	1
1216	194	1
755	273	0
118	265	0
1350	225	0
1933	88	0
1584	201	0
809	71	1
1728	174	1
429	32	1
2199	252	1
44	26	1
685	48	1
686	50	1
508	200	0
1358	174	1
743	174	1
796	76	1
1672	34	0
946	152	0
815	94	1
1976	142	1
1188	58	0
285	6	1
1941	220	1
1197	91	1
2107	165	1
59	218	1
219	178	0
131	32	1
344	165	1
1770	93	0
658	34	1
423	50	1
424	156	0
128	19	1
904	179	0
30	297	1
1650	156	1
2218	24	0
1832	207	1
26	63	0
2200	253	1
1577	99	0
128	288	1
1965	244	1
1189	91	1
643	26	1
1618	291	1
399	28	1
438	77	1
198	6	1
993	218	1
547	34	1
1470	76	0
1928	227	0
2283	271	0
1031	145	0
1843	211	1
1007	77	1
1306	114	1
149	50	1
226	251	0
867	290	0
1202	126	0
1083	77	1
1872	14	0
831	158	0
243	288	0
916	182	0
410	182	0
2020	226	1
1459	169	1
1560	192	0
1335	171	0
953	174	1
290	77	0
1105	148	0
56	146	0
1688	166	0
1248	298	0
405	172	0
585	218	1
620	139	0
1007	208	1
841	115	0
1930	218	0
41	42	1
127	91	1
260	181	0
308	288	1
1261	100	1
178	288	1
572	132	0
708	138	1
474	140	0
2316	291	1
1440	258	0
2236	156	0
1110	77	1
1611	70	0
2255	274	1
909	187	0
484	249	0
1953	193	0
103	139	1
1119	121	0
1199	242	0
67	50	1
357	106	0
271	285	0
101	81	0
431	77	1
1195	288	1
1378	26	1
337	290	0
851	107	0
418	112	1
1922	195	0
1876	211	1
32	48	1
69	286	0
585	77	1
2136	133	0
1910	226	1
1061	174	1
361	59	0
66	50	1
2074	165	1
188	167	0
1041	49	0
1949	220	1
989	122	0
708	50	1
366	61	1
1528	16	0
639	218	1
407	168	1
1000	72	1
639	34	1
2194	252	0
1037	33	0
314	88	1
423	92	1
95	49	1
621	105	1
564	59	0
944	223	0
545	48	1
14	139	1
275	49	0
1187	91	1
387	27	1
5	3	1
2309	288	1
2031	227	1
1431	11	1
562	79	0
104	244	1
549	34	1
605	13	0
243	6	1
2216	265	1
2059	227	1
50	226	1
180	6	1
1142	274	0
1972	215	0
535	223	1
914	259	0
431	252	0
1029	77	1
1208	264	0
1212	91	1
2124	240	1
1055	77	1
96	50	1
1540	138	1
864	50	1
392	285	0
352	60	0
44	5	1
111	50	1
869	50	1
2241	175	0
713	145	0
2037	227	1
1594	145	1
457	34	1
450	6	0
657	34	1
30	44	1
32	73	1
944	142	1
178	8	1
713	292	0
1572	141	1
727	44	1
1718	184	0
1345	94	1
1491	280	0
1075	96	0
1341	94	1
279	247	0
1525	50	0
2060	116	0
1714	184	0
155	41	0
1513	257	0
1304	206	1
749	211	1
41	138	1
2043	227	1
397	28	1
1660	157	1
404	179	0
1667	40	0
1399	131	0
385	213	0
1674	269	0
1140	83	1
20	132	1
748	48	1
1781	274	0
1258	77	0
835	138	1
473	29	0
939	103	0
193	91	1
93	7	1
201	243	1
2132	244	1
504	34	1
595	19	0
340	6	1
715	127	0
1175	265	0
103	173	1
701	205	0
1640	122	0
70	244	1
1563	57	0
752	139	0
2149	244	1
874	50	1
2093	165	1
47	26	1
1110	291	0
1302	216	0
258	57	0
2178	240	0
1653	285	0
1715	174	1
940	211	1
2176	231	0
1762	184	1
174	165	0
471	127	0
1746	27	0
2225	74	0
1616	114	1
499	34	1
1954	113	0
2068	294	0
1652	156	1
369	48	1
339	6	1
341	248	0
113	76	1
1882	78	0
1009	221	0
68	48	1
554	50	1
1815	249	0
1382	26	1
458	1	0
89	7	1
20	44	1
344	6	1
906	262	0
1584	145	1
1499	297	0
86	210	0
374	122	1
220	6	1
233	6	1
381	2	0
1181	91	1
260	271	0
1659	267	1
24	130	0
156	265	0
1344	132	1
2006	205	0
17	0	0
823	29	0
95	8	1
1839	64	0
95	159	0
1279	33	0
1912	24	0
1639	207	1
2160	247	0
72	74	0
270	284	0
518	122	0
1034	77	1
1147	42	0
150	19	1
245	6	1
397	77	1
929	278	0
882	242	0
1787	86	1
817	142	1
1119	77	1
253	6	1
2085	241	0
1068	160	0
282	8	1
46	245	1
916	53	1
549	107	0
546	113	0
1659	259	0
574	34	1
1660	120	0
1232	288	1
946	119	0
58	34	1
2101	292	0
1935	64	0
998	72	1
1456	132	1
796	77	1
1827	203	0
1281	46	0
854	207	0
1880	297	0
361	173	0
780	48	1
318	218	1
1934	202	0
356	6	1
1638	150	1
1253	275	0
778	106	0
50	220	1
171	233	0
127	12	1
876	256	0
823	50	1
47	7	1
502	34	1
1996	142	1
563	10	0
2102	124	0
78	7	1
2112	166	0
14	189	0
59	73	1
573	34	1
910	170	0
20	5	1
170	273	1
1710	227	0
343	13	1
1954	132	1
2067	255	0
32	276	1
1814	94	0
29	188	0
1405	146	0
635	194	0
498	50	1
1579	31	0
81	203	0
729	45	1
46	198	0
399	6	0
1547	138	1
2101	165	1
1875	211	1
1086	15	0
58	7	1
2011	172	0
2202	253	1
2071	210	0
1369	272	0
2120	104	0
1225	125	0
157	148	1
1758	182	1
914	53	1
294	6	1
741	48	1
128	6	1
1113	1	0
705	53	1
263	280	1
1928	15	0
459	86	1
1933	234	0
506	32	0
108	267	0
39	5	1
32	121	1
1899	218	1
1614	173	0
1649	156	1
1560	184	0
107	50	1
1225	91	1
1612	269	0
817	50	1
1550	192	0
1551	6	0
1848	239	0
1914	178	0
2062	285	0
321	186	0
192	6	1
634	227	1
1143	287	0
388	37	0
1977	247	0
1886	119	0
672	48	1
43	219	0
2282	44	1
498	92	0
1442	130	1
478	34	1
290	6	1
1058	39	0
1084	117	0
1059	182	0
2089	266	0
1635	144	0
1525	218	1
83	175	1
425	36	1
1512	190	0
1814	199	1
1003	73	1
21	286	1
50	58	1
1787	231	0
1920	218	1
1331	108	0
347	95	0
1319	174	1
2194	72	1
1725	174	1
1652	3	0
124	11	1
564	34	1
13	57	0
2189	175	0
1878	65	0
184	132	1
982	147	0
1446	19	0
1418	26	1
1053	239	0
50	157	1
32	58	1
1235	288	1
1077	147	0
12	178	1
1226	186	0
104	6	1
2021	288	1
65	40	1
540	50	1
1565	34	1
2240	273	1
1959	5	0
2053	227	1
460	34	1
1481	134	1
1767	142	0
711	290	0
32	77	1
138	6	1
2276	111	0
560	174	1
1693	156	1
802	48	1
231	246	0
1333	157	0
96	7	1
1268	105	1
604	34	1
158	8	1
522	12	0
1814	36	0
2038	246	0
726	44	1
443	145	0
1437	186	0
1805	194	1
1344	184	1
2006	262	0
2157	114	0
1447	29	0
143	19	1
1145	88	1
254	6	1
2043	240	0
2260	112	1
1220	91	1
562	59	0
1732	174	1
2136	244	1
404	1	0
368	129	0
867	50	1
1759	258	0
1593	166	0
1076	11	0
2035	89	0
1727	174	1
1403	217	0
1070	77	1
1585	145	1
1659	163	0
201	123	1
1471	135	0
10	4	1
529	50	1
459	45	0
721	44	1
95	211	1
1327	202	0
1031	132	1
983	271	0
15	197	0
921	62	0
1043	203	0
1700	146	0
2207	198	0
177	50	1
1434	11	1
333	6	1
2246	273	1
96	244	1
1008	76	1
1657	69	0
1319	246	0
2053	235	0
523	231	0
48	56	0
739	229	0
755	48	1
81	286	0
677	63	0
1755	151	0
2108	165	1
845	50	1
621	72	1
1045	113	0
1262	128	0
1912	21	0
2099	119	0
847	50	1
1406	26	1
2115	235	1
1660	158	1
30	244	1
1162	72	0
1138	175	0
2008	226	1
957	237	0
177	34	1
1525	138	1
1780	40	0
1940	220	1
2264	279	1
1817	199	1
1266	102	1
809	22	0
1675	96	0
1505	138	1
104	78	0
435	174	1
1636	256	0
231	214	0
2002	263	0
239	280	1
1901	218	1
246	196	0
2090	264	0
2324	297	1
1248	76	0
1572	250	0
1507	224	0
623	41	0
1884	211	1
219	6	1
1544	160	0
517	94	0
1506	298	0
438	34	1
108	244	1
402	220	0
1352	94	1
68	50	1
708	49	1
1395	26	1
704	50	1
1058	77	1
524	34	1
1360	159	0
1465	204	0
222	160	0
72	54	0
1598	254	0
171	251	0
457	17	0
127	112	0
30	142	1
1124	12	0
1221	119	0
567	34	1
1579	250	0
1507	138	1
878	50	1
580	94	1
1127	77	1
793	193	0
1497	139	1
1022	135	0
85	176	0
844	227	1
1444	132	1
1704	253	0
725	44	1
2316	162	0
2312	290	1
647	48	1
1757	217	0
2229	269	1
1097	45	0
2114	67	0
893	53	1
32	159	1
1754	178	1
1395	84	0
799	218	1
78	64	0
1059	63	0
1840	211	1
449	227	1
1930	52	0
560	142	1
2041	275	0
150	177	0
1227	91	1
296	6	1
1584	260	0
1748	218	1
1527	218	1
453	94	0
362	6	1
127	219	1
2294	33	0
759	48	1
810	285	1
1713	24	0
830	76	1
953	236	0
1644	274	0
384	21	1
1912	180	0
529	48	1
1942	220	1
1549	138	1
1208	91	1
1433	11	1
134	165	1
249	6	1
225	128	0
1523	253	0
8	218	1
46	227	1
50	91	1
922	53	1
147	119	0
1204	288	1
1863	123	0
1964	142	1
822	218	1
1111	260	0
575	34	1
2288	22	0
1383	164	0
1345	198	0
158	194	1
876	72	1
352	76	0
1414	43	0
617	162	0
1521	297	0
1887	211	1
278	24	0
926	227	1
894	134	1
446	174	1
1416	246	0
103	178	1
2272	224	0
712	48	0
1763	186	1
2231	195	0
1752	164	0
1215	116	1
338	6	1
1461	132	1
428	138	1
70	280	0
2226	267	1
47	40	1
1851	211	1
997	72	1
654	34	1
1144	87	1
1342	94	1
431	63	1
32	11	1
1288	188	0
131	211	1
1377	253	0
976	66	1
889	288	1
1870	211	1
1229	0	0
1669	208	0
866	76	1
1997	159	0
23	4	1
1068	77	1
1861	42	0
2198	251	1
201	282	0
590	34	1
1357	299	0
678	206	0
1000	140	0
2189	110	0
470	256	0
269	6	1
1043	67	0
2014	226	1
464	268	0
731	5	0
372	2	1
460	132	1
85	7	1
367	34	1
2058	276	0
793	48	1
1069	77	1
2029	51	0
1171	289	0
251	248	0
582	183	0
146	191	0
1345	15	0
325	218	1
23	224	0
479	123	0
732	286	1
581	215	0
502	119	1
1074	31	0
1396	239	0
2112	234	1
435	40	1
1188	91	1
2137	244	1
439	48	0
2072	165	1
906	254	0
2212	260	1
1200	91	1
1568	34	1
710	48	1
216	14	0
1312	118	1
654	103	0
899	168	0
820	272	0
407	257	0
621	121	0
1645	197	0
330	6	1
103	142	1
139	243	1
831	142	1
560	77	1
381	253	0
774	48	1
2169	219	0
881	106	0
2025	226	1
1781	14	0
32	132	1
161	94	0
833	50	1
919	33	0
563	44	1
261	185	0
1039	77	1
2138	244	1
320	247	1
1703	174	1
878	16	0
1599	202	0
548	44	0
1116	77	1
681	50	1
1105	77	1
775	238	0
554	34	1
1763	100	0
1681	170	1
277	131	0
1623	116	1
638	218	1
85	50	1
1950	220	1
82	244	1
312	165	1
156	165	1
69	88	1
1050	168	0
291	127	0
1003	115	0
1019	26	1
643	40	0
1880	206	0
572	201	0
495	97	0
2139	244	1
2006	30	0
1534	298	0
1778	88	0
407	39	0
1323	232	0
1279	109	1
2086	26	0
790	48	1
1912	256	0
1485	135	1
595	174	1
1307	222	0
58	64	1
1864	191	0
1357	234	0
1254	192	1
106	212	1
69	109	1
40	195	0
967	58	0
80	84	0
2251	135	0
677	10	0
2070	165	1
563	173	1
325	105	1
127	79	1
67	226	1
2137	289	0
2067	27	0
801	50	1
935	138	0
745	51	0
1158	88	1
2150	67	0
1254	35	0
99	50	1
1223	288	1
165	6	1
37	102	0
103	211	1
43	145	0
1316	102	0
1046	56	0
1898	193	0
2075	165	1
27	233	0
385	274	0
167	147	0
323	6	1
83	50	1
1912	150	0
1551	138	1
774	194	0
1959	13	0
461	107	0
1241	214	0
1657	18	0
20	286	1
936	267	1
22	4	1
1597	219	1
2299	288	1
2245	273	1
32	267	1
1502	138	1
98	244	1
144	123	1
30	11	1
1143	136	1
2135	61	0
58	285	1
1656	108	0
2204	254	1
2260	6	0
843	238	0
1144	146	0
1898	218	1
368	285	1
876	180	0
1561	207	0
964	154	0
1161	53	0
302	148	0
2103	165	1
321	86	1
1327	214	0
876	212	0
2163	58	0
1306	199	0
1305	37	0
403	50	1
1710	220	0
964	278	0
217	6	1
2213	261	1
628	100	0
2241	273	1
586	34	1
881	77	1
1569	123	0
483	181	0
587	143	0
805	100	0
488	184	0
9	26	1
1809	196	1
1555	213	0
1539	138	1
1096	153	0
1	82	0
1429	115	0
1548	138	1
219	20	0
586	261	0
1768	217	1
1842	164	0
794	49	1
1128	278	0
805	50	1
1131	77	1
716	174	1
86	257	0
444	40	1
2208	144	0
2116	235	1
1319	94	1
1215	63	0
802	245	1
1977	19	0
2202	9	0
1491	135	1
814	270	0
455	77	1
1487	135	1
854	13	0
1196	91	1
1885	193	0
1252	200	0
70	79	0
159	165	1
115	250	0
1724	66	0
630	72	1
1039	268	0
909	47	0
2303	288	1
275	285	0
2160	244	1
784	110	1
785	50	1
1734	214	0
1118	182	0
757	299	0
407	43	0
1620	116	1
1632	240	0
1345	233	1
1017	75	1
775	80	0
1158	71	0
468	94	1
104	48	1
497	34	1
2094	165	1
618	34	1
2036	227	1
194	6	1
69	7	1
365	185	0
1386	26	1
1345	157	1
1566	290	0
1589	145	1
2057	193	0
286	6	1
43	140	0
465	110	1
1214	104	0
1531	138	1
477	34	1
1281	141	0
1513	276	0
45	45	0
1485	70	0
1904	163	0
1537	245	0
1460	132	1
2187	245	1
1479	116	1
640	218	1
204	103	0
733	91	1
2102	165	1
139	19	1
883	88	1
929	55	1
246	31	0
479	50	1
954	174	1
331	186	0
1503	139	1
1923	219	1
91	7	1
2131	290	0
2218	241	0
594	182	0
1108	12	0
495	176	0
1148	112	0
925	166	0
71	50	1
2218	119	0
1300	111	1
689	34	1
2044	269	0
686	255	0
311	280	0
702	48	1
280	289	0
1531	0	0
617	133	0
597	55	0
2187	65	0
1146	88	1
57	263	0
801	17	0
811	50	1
852	159	1
854	191	0
2009	257	0
250	243	1
2302	86	0
807	109	0
627	34	1
200	6	1
2265	283	1
166	26	1
1147	187	0
1194	160	0
70	50	1
2117	235	1
2302	113	0
343	19	1
1136	91	1
59	105	1
1602	145	1
284	6	1
2047	38	0
1338	94	1
1042	77	1
561	105	1
302	6	1
944	241	0
678	25	0
1026	142	1
1691	82	0
1273	105	1
733	288	1
218	6	1
2070	1	0
135	288	1
2289	234	0
1845	249	0
1886	193	0
1350	94	1
511	48	1
483	77	1
875	76	1
108	50	1
1508	138	1
20	288	1
1789	142	1
1574	142	1
1584	281	0
403	66	1
839	275	0
459	142	1
84	9	0
111	48	1
580	142	0
474	34	1
1276	164	0
638	127	0
954	72	1
1169	8	1
514	34	1
231	200	0
700	48	1
886	214	1
155	66	0
1978	10	0
945	160	0
1225	150	0
14	169	1
133	123	1
399	24	0
868	77	1
137	6	1
1544	138	1
298	117	0
1638	156	0
1345	177	1
562	105	1
2233	206	0
2131	244	1
1474	97	0
91	50	1
72	288	0
770	9	0
1323	94	1
1357	136	0
2283	249	0
1554	11	0
1767	75	0
2039	143	0
1552	61	0
1415	83	0
504	174	0
363	9	0
1667	160	1
634	185	1
1666	252	0
1476	212	0
407	91	1
904	86	0
2287	288	1
1996	227	0
47	112	1
1823	260	0
2236	177	0
455	203	0
1486	212	0
48	76	1
253	80	0
617	138	1
1973	153	0
320	159	1
747	202	0
701	50	1
1418	182	0
545	50	1
1475	134	1
1700	233	0
1551	40	0
141	173	0
1587	145	1
100	244	1
1333	94	1
1885	79	0
1639	132	0
981	181	0
1182	206	1
707	48	1
634	108	1
988	66	1
2312	258	0
1141	55	1
58	226	1
763	176	0
2115	247	0
222	174	0
176	138	1
687	115	0
1612	10	0
1016	190	0
434	40	1
169	6	1
953	138	1
308	230	0
1672	169	1
113	8	1
1748	58	0
1176	90	1
325	91	1
993	105	1
756	132	1
868	168	0
1139	190	0
587	70	0
673	18	0
115	286	1
431	132	1
135	6	1
2072	290	0
611	185	0
1450	181	0
2259	278	0
1183	91	1
1617	149	1
1555	138	1
990	68	1
604	27	0
903	53	1
1869	211	1
905	53	1
1937	220	1
816	134	0
505	170	0
683	48	1
2170	244	1
1632	116	1
1769	217	1
520	184	0
1435	277	0
12	4	1
164	189	0
1316	123	1
966	143	0
2314	287	0
152	278	0
1937	240	0
1274	105	1
367	132	1
2	257	0
1871	211	1
920	53	1
2010	44	0
1512	138	1
1502	139	1
806	50	1
1851	109	0
345	8	1
800	138	1
795	237	1
2049	71	0
1359	251	0
445	34	1
541	50	1
84	289	0
1994	142	1
857	174	1
842	250	0
1941	92	0
493	50	1
2202	267	1
1031	250	1
2106	6	0
1545	162	0
1641	151	1
985	94	1
983	66	1
210	165	1
746	185	0
15	66	1
1989	142	1
100	50	1
9	77	1
1863	145	0
298	6	1
187	21	0
27	35	0
1857	194	0
790	49	1
1806	215	0
60	244	1
272	43	0
498	129	0
1828	206	1
2029	58	0
390	27	1
1403	132	1
217	240	0
69	226	1
431	221	1
1720	174	1
48	156	0
807	50	1
579	93	0
308	26	1
2110	107	0
786	49	1
672	127	1
1880	69	0
1844	219	0
1591	185	0
1216	282	1
135	243	1
418	32	1
139	69	1
1312	119	0
1096	31	0
1239	91	1
2128	244	1
701	48	1
1901	280	0
1871	99	0
1774	31	0
1040	228	0
732	185	1
906	166	0
1207	152	0
1881	211	1
2225	133	0
126	61	0
1985	231	0
32	134	0
80	50	1
724	114	0
1278	108	1
1910	187	0
2283	213	0
250	152	0
1334	249	0
33	91	1
883	91	0
835	244	1
1038	249	0
1552	63	0
1928	262	0
2126	247	0
2315	291	1
1243	184	0
594	220	0
1283	269	0
1281	109	1
1262	13	0
1032	242	1
522	187	0
2203	151	0
802	165	1
1237	91	1
2018	226	1
1843	66	0
265	6	1
1760	290	1
824	50	1
972	173	0
759	187	0
251	6	1
1529	90	0
639	227	1
1554	234	0
1420	26	1
109	34	1
63	63	0
305	6	1
82	124	0
1585	117	0
1141	63	0
140	100	0
1014	75	1
314	91	1
1032	146	0
32	86	1
1375	131	0
176	6	1
2230	16	0
781	174	0
575	94	1
103	49	1
1774	109	0
257	288	0
310	105	0
1272	142	1
954	219	1
300	6	1
95	7	1
580	50	1
407	180	0
1408	86	0
47	32	1
475	289	0
79	244	1
1220	148	1
2171	21	0
1542	68	0
2109	140	0
518	34	1
835	142	1
1423	114	0
1405	212	0
611	227	1
1590	145	1
20	11	1
1564	206	0
707	191	0
871	77	1
813	50	1
1378	19	0
368	50	1
1528	51	0
1215	194	1
486	34	1
1486	139	1
685	50	1
891	53	1
832	50	1
1740	262	0
1742	174	1
763	298	0
715	34	1
1162	245	0
192	159	0
354	6	1
1041	77	1
325	279	0
1235	35	0
821	218	1
1845	12	0
1032	250	1
710	174	1
1027	105	1
536	175	0
962	64	1
301	6	1
1700	173	1
892	134	1
319	213	0
1062	253	0
867	42	0
513	218	1
1478	291	1
1288	139	0
1917	250	0
1130	232	0
343	165	1
831	50	1
1620	288	1
66	34	1
67	7	1
1931	184	0
972	285	0
104	138	1
1247	108	0
118	10	1
1898	107	0
915	190	0
741	205	0
1840	40	0
283	38	0
1150	166	0
1057	282	0
682	50	1
513	279	0
2198	66	0
165	256	0
1882	169	0
2226	294	0
1610	67	0
516	167	0
998	105	1
1228	91	1
226	216	0
2242	274	1
1654	282	0
404	155	0
1916	218	1
1413	262	0
699	105	0
1793	29	0
1544	251	0
1456	222	0
1148	69	0
809	50	1
1245	231	0
1898	269	0
12	11	0
14	66	1
641	132	1
1182	220	1
1112	201	0
407	288	1
1046	27	0
682	126	0
792	160	0
332	117	0
542	249	0
812	109	1
247	271	0
1934	90	0
877	50	1
224	6	1
2020	153	0
1759	273	1
30	77	1
1895	7	0
245	12	0
796	50	1
582	105	1
1906	218	1
1014	116	1
783	244	1
184	6	1
1463	189	0
1838	149	0
1970	142	1
986	66	1
2014	224	0
2275	44	1
852	160	0
1687	139	1
1026	105	1
1624	157	0
423	48	1
786	173	0
200	146	0
883	52	1
1712	174	1
2142	45	0
1353	94	1
1228	288	1
1337	94	1
1697	179	0
1402	26	1
2120	96	0
753	48	1
899	23	0
59	244	1
1275	223	0
1577	248	0
1792	196	0
1944	245	0
513	74	1
1435	127	1
1039	170	0
715	25	0
312	211	0
160	6	1
369	254	0
248	249	0
1874	211	1
70	7	1
1779	86	1
1395	162	0
894	53	1
1681	171	1
1612	148	1
209	6	1
256	6	1
67	145	0
1863	178	0
585	238	0
1542	174	1
1818	284	0
283	199	0
1163	88	1
733	286	1
778	62	0
453	76	1
82	50	1
2071	165	1
183	273	1
66	188	1
877	12	0
713	61	0
825	200	0
701	76	0
109	250	0
2236	195	0
1076	25	0
855	50	1
2141	244	1
2081	298	0
15	87	0
2197	66	0
725	296	1
1409	84	0
1472	134	1
830	50	1
978	66	1
1403	26	1
636	34	1
2316	214	0
125	54	0
157	274	1
954	77	1
2068	197	0
822	142	1
357	165	1
111	34	1
352	90	0
119	10	1
2011	46	0
1207	91	1
151	50	0
1233	227	0
367	142	1
1498	139	1
1314	271	0
1554	239	0
834	15	0
1136	259	1
1914	58	0
4	1	0
1655	274	1
2152	14	0
2034	216	1
1463	279	0
304	285	0
1608	249	0
1323	237	0
937	77	1
293	6	1
478	19	0
1840	231	0
1155	130	0
1827	237	0
1441	290	0
652	174	0
787	71	0
1448	197	0
1242	91	1
105	155	1
2127	296	0
2130	224	0
946	227	1
2133	244	1
79	55	1
317	233	0
1829	225	1
548	48	1
492	34	1
854	76	1
749	227	0
1823	241	0
1027	73	0
892	164	0
1216	116	1
1542	138	1
100	299	0
1404	257	0
87	244	1
2232	270	1
801	165	1
2114	234	1
168	6	1
428	228	0
797	48	1
2307	20	0
1856	199	0
987	218	1
733	185	1
1616	149	1
1195	195	0
1378	244	1
447	95	0
2317	40	0
657	32	0
1934	220	1
2120	251	0
585	162	1
314	265	0
1339	94	1
974	281	0
2213	136	0
542	34	1
306	6	1
800	218	1
810	50	1
206	6	1
497	48	1
181	76	1
860	50	1
508	13	0
455	41	0
509	34	1
1713	87	0
1286	109	0
1486	135	1
2170	97	0
716	34	1
103	226	1
1221	122	0
1213	220	1
298	19	0
1247	29	0
129	34	1
545	158	0
1035	73	0
1909	206	0
738	48	1
572	76	1
1652	287	0
731	8	0
799	61	0
2080	165	1
1985	142	1
1743	112	0
596	34	1
915	27	0
118	135	1
1058	198	1
297	70	0
1324	94	1
1513	23	0
102	244	1
2083	165	1
177	235	0
2015	197	0
517	48	1
2085	232	0
286	199	1
1726	246	0
1639	154	1
127	178	1
546	173	0
1973	117	0
137	165	1
1150	88	1
820	105	0
1759	257	0
62	244	1
386	21	1
1065	194	0
816	185	0
1810	41	0
96	48	1
386	26	1
989	187	0
15	4	1
1138	51	0
724	157	0
382	72	0
494	223	0
1422	290	0
2134	244	1
418	100	0
360	155	0
325	50	1
785	214	0
1351	94	1
1970	36	0
1792	244	0
189	227	1
1596	184	0
935	57	1
218	119	0
2033	236	0
590	203	0
1597	54	0
366	20	1
2018	136	0
680	134	0
90	50	1
1248	95	1
250	215	1
1750	178	1
1930	255	0
883	53	1
745	227	0
733	183	0
308	38	0
496	34	1
77	244	1
1074	77	1
555	34	1
1064	53	0
263	56	1
1399	105	0
30	26	1
258	182	0
1141	7	0
437	50	1
95	48	1
2089	165	1
935	114	0
1081	77	1
361	6	1
500	133	0
728	297	0
1833	22	0
1857	211	1
1943	220	1
1931	30	0
921	255	0
1977	17	0
1865	244	0
89	244	1
1912	218	1
2294	288	1
612	34	1
467	77	1
100	7	1
801	72	0
1802	251	0
2033	91	0
967	70	0
136	257	1
1365	69	0
438	76	1
199	6	1
1922	18	0
546	225	0
1593	160	0
1157	88	1
325	6	1
492	52	0
1803	72	0
1743	67	0
2280	44	1
2092	165	1
1495	89	0
1241	148	1
461	240	0
682	48	1
772	99	0
1953	132	1
145	110	0
522	11	0
328	6	1
196	47	0
1239	161	0
370	23	1
1027	142	1
656	271	0
704	34	1
1622	162	0
1922	169	0
1579	33	0
127	139	1
1346	173	0
562	91	0
1883	211	1
1770	136	0
1152	114	0
1824	204	1
2215	202	0
1400	26	1
1132	78	1
903	88	1
1528	3	0
112	7	1
526	34	1
114	261	0
2230	270	1
768	5	0
2148	244	1
1098	77	1
813	174	1
1097	77	1
403	124	1
93	50	1
488	34	1
160	34	1
739	120	0
672	272	0
780	36	0
2300	211	0
1342	182	0
274	6	1
70	75	0
1136	124	0
156	215	1
2071	60	0
1404	26	1
1972	142	1
806	41	0
56	8	1
325	287	1
1718	90	0
213	117	0
1039	104	0
820	218	1
1038	161	0
2109	165	1
1910	298	0
1507	132	0
1680	8	1
485	277	0
1212	217	0
1108	77	1
2147	37	0
1985	274	0
719	260	0
1218	62	0
560	34	1
627	266	1
577	34	1
549	48	1
2016	218	0
1379	255	0
1243	189	0
103	138	1
1205	91	1
1468	116	1
1159	116	1
1762	99	0
795	116	0
1057	254	1
2093	255	0
197	6	1
1389	286	0
834	142	1
578	34	1
1746	124	0
32	43	1
86	50	1
638	290	0
2194	113	0
1026	140	0
657	109	0
8	231	1
495	263	0
1258	199	1
355	160	0
1816	50	0
1030	109	0
722	244	1
732	285	1
193	199	0
321	254	1
1229	91	1
320	53	1
719	77	1
739	237	0
2280	284	0
2317	97	0
786	116	0
546	14	0
2098	165	1
236	261	0
549	50	1
1888	49	0
2229	240	0
840	299	0
185	289	0
1781	86	1
428	285	1
676	132	1
100	135	0
105	7	1
2036	89	0
991	69	1
371	2	1
343	8	1
630	34	1
459	50	1
1898	238	0
121	142	1
519	143	0
70	34	1
47	234	0
1111	77	1
799	245	0
60	7	1
1321	94	1
185	6	1
223	6	1
336	299	0
605	34	1
1349	94	1
428	183	1
1425	200	0
1774	5	0
1880	211	1
368	86	1
1867	211	1
1822	249	0
1342	258	0
2043	166	0
875	244	1
575	110	1
1832	1	0
1837	250	0
2070	33	0
14	138	1
114	165	1
947	71	0
615	248	0
424	86	1
1023	204	0
1861	280	0
1632	267	1
48	26	1
1475	247	0
365	123	1
546	48	1
523	34	1
981	66	1
1891	275	0
1370	102	0
1052	77	1
988	268	0
2074	116	0
423	34	1
800	203	0
967	295	0
354	263	0
1971	142	1
643	285	1
413	100	0
2312	239	0
1157	9	0
394	78	0
2014	97	0
2023	92	0
470	135	0
1277	18	0
1405	83	0
92	167	0
172	28	0
1687	296	0
966	64	1
1759	206	1
1685	139	1
775	186	1
73	244	1
448	34	1
878	57	0
1945	220	1
818	204	0
181	66	1
1624	128	0
334	0	0
1864	211	1
2248	129	0
1496	138	1
428	32	1
2161	244	1
9	4	1
67	88	1
1661	69	0
634	44	1
1077	77	1
754	48	1
2138	120	0
122	108	0
1770	149	0
714	11	1
2162	268	0
882	164	0
1962	13	0
984	96	0
1759	219	1
300	159	0
1540	48	0
15	26	0
331	6	1
1025	77	1
1136	288	1
1459	132	1
357	121	0
453	50	1
791	193	0
813	258	0
1203	82	0
68	137	0
512	34	1
1358	26	1
2047	227	1
133	18	1
1653	274	1
1156	88	1
1532	138	1
744	71	0
812	201	0
44	54	0
1527	138	1
50	160	0
829	85	0
2081	165	1
1490	55	0
145	19	1
499	115	0
1322	259	0
2276	44	1
375	291	0
869	152	0
987	66	1
197	260	0
915	18	0
376	60	0
445	40	1
1802	14	0
202	289	0
214	6	1
59	108	1
184	99	0
782	87	0
1847	211	1
1429	297	0
490	154	0
1967	142	1
161	219	0
880	174	1
1593	163	0
2213	282	0
156	194	1
838	50	1
255	6	1
1808	259	0
812	50	1
48	5	1
752	233	0
838	142	1
1291	110	1
938	58	1
52	5	1
508	211	1
594	174	1
1161	88	1
1603	145	1
137	8	1
501	48	1
482	34	1
1841	211	1
1426	186	0
1495	15	0
1108	191	0
522	193	0
1022	256	0
884	148	0
48	132	1
423	61	1
1169	9	0
149	172	0
1706	5	0
529	34	1
335	182	0
94	34	1
664	40	0
157	63	1
1645	145	0
749	48	1
617	34	1
1698	42	0
2013	226	1
385	21	1
47	273	0
1007	218	1
133	205	0
1057	198	1
634	217	1
2120	216	1
1576	205	0
1305	111	0
1439	8	0
1643	151	1
170	6	1
32	145	1
736	230	0
637	218	1
1748	165	0
1832	118	0
899	53	1
1914	248	0
1988	235	0
1483	141	0
2177	208	0
1462	201	0
32	22	1
889	212	0
2016	226	1
1624	224	0
2026	24	0
1353	282	0
815	105	1
508	60	1
825	298	0
721	153	0
158	288	1
1078	200	0
2142	104	0
637	81	0
157	194	1
971	66	1
483	76	1
1818	199	1
2112	4	0
684	5	0
1539	185	0
2068	165	1
742	132	0
1633	116	1
573	218	1
1301	211	1
210	145	1
30	48	1
2059	18	0
425	132	0
189	97	0
163	225	0
1761	147	0
2008	251	0
862	109	1
1549	64	0
1805	85	0
2223	292	0
794	291	0
711	34	1
1977	142	1
902	88	1
805	218	1
802	49	1
32	139	1
1247	238	0
1185	283	0
2062	228	1
1503	138	1
1930	220	1
1694	114	1
803	174	1
2318	292	1
1828	212	0
866	90	0
1528	205	0
1133	56	1
1286	110	1
174	6	1
1696	206	0
1019	227	1
2241	39	0
634	77	1
1950	108	0
1128	11	0
1983	110	0
271	6	1
2072	282	0
672	34	1
1637	150	1
116	9	1
519	80	0
1571	254	0
476	210	0
480	48	1
83	279	1
404	28	1
134	53	1
2218	265	1
320	226	1
23	109	0
708	93	0
382	25	1
1064	181	0
1466	132	1
189	292	0
1241	44	0
92	244	1
2200	145	0
65	225	0
464	34	1
1933	220	1
83	169	0
288	6	1
1325	94	1
2293	136	0
1656	156	1
732	44	1
420	36	0
817	86	1
991	18	0
93	244	1
1359	26	1
1010	228	0
984	66	1
314	6	1
554	19	0
1415	26	1
627	50	1
523	293	0
709	114	0
920	139	0
339	121	0
1849	211	1
1710	174	1
1967	158	0
2289	288	1
2279	155	0
1191	271	0
77	7	1
86	7	1
804	50	1
508	165	0
291	229	0
2141	149	0
2264	87	0
1532	251	0
887	194	1
943	33	0
1314	63	1
1597	145	1
533	68	0
1656	249	0
1292	109	1
1781	149	0
1736	174	1
449	50	1
89	135	0
253	10	0
103	50	1
878	69	0
367	185	1
531	134	0
140	38	0
1028	142	1
974	210	1
1552	138	1
1531	218	1
792	48	1
626	34	1
48	163	1
389	224	0
1204	285	0
628	44	1
1695	196	0
129	14	1
1420	207	1
2169	103	0
2193	175	0
1076	77	1
785	48	1
1799	193	1
47	198	1
419	206	0
50	109	1
94	50	1
1468	271	0
16	4	1
1320	258	0
336	242	0
138	53	1
1290	181	0
32	50	1
1049	188	0
1661	194	0
369	34	1
634	111	1
1321	1	0
2278	296	0
1945	288	1
2039	227	1
86	21	0
1266	129	0
442	40	1
1473	116	1
1199	91	1
178	243	1
1137	83	1
1749	192	0
1758	69	0
437	66	0
309	269	0
9	262	0
1988	296	0
822	50	1
157	288	1
137	269	0
1656	33	0
51	5	1
21	246	1
1482	285	0
325	145	1
1032	4	0
1793	108	0
434	27	0
640	227	1
812	76	1
447	59	0
847	94	1
1513	194	0
2013	45	0
47	44	1
795	49	1
719	50	1
225	104	0
313	165	1
1548	166	0
864	77	1
818	55	0
2049	227	1
1729	18	0
641	227	1
42	5	1
773	48	1
1354	125	1
1246	93	1
876	94	1
779	48	1
868	243	0
2184	245	1
1961	55	0
1086	219	0
9	239	0
98	50	1
1257	145	0
1433	91	0
1669	162	0
106	40	1
596	105	1
1057	243	0
1659	151	0
1450	195	0
127	174	1
2289	75	0
1336	94	1
1895	218	1
278	285	0
1991	138	0
2101	105	0
970	37	0
1211	91	1
160	165	1
1240	288	1
83	138	1
1153	59	0
1499	138	1
1033	264	0
1183	258	0
2215	198	0
159	6	1
320	134	1
470	34	1
1180	91	1
999	59	0
334	204	0
1057	132	1
664	34	1
1598	243	0
2063	45	0
179	6	1
2029	154	0
447	273	0
1593	145	1
355	6	1
1885	211	1
446	120	0
1939	78	0
1450	132	1
923	80	0
32	40	1
369	191	1
2239	164	0
777	194	0
426	36	1
1143	87	1
844	94	1
139	89	0
278	98	0
1576	268	1
2130	298	0
990	81	1
965	64	1
574	239	0
1429	11	1
1214	91	1
2011	226	1
680	34	1
552	246	0
140	19	1
127	61	1
801	48	1
181	161	0
1968	137	0
2091	235	0
2007	293	0
468	218	1
166	39	1
259	6	1
59	34	1
60	50	1
1865	211	1
137	28	0
2065	195	0
635	34	1
1112	151	0
1360	56	0
909	69	0
630	174	1
1033	242	1
783	48	1
143	69	1
58	44	1
1216	91	1
20	6	1
839	174	1
1269	168	0
1006	77	1
890	252	0
824	103	0
671	34	1
649	272	0
1136	138	1
32	218	1
1010	76	1
903	139	0
411	53	1
2093	239	0
2024	207	0
681	250	0
174	32	0
1427	115	0
777	159	0
1112	21	0
699	296	0
816	235	0
1422	26	1
544	212	0
716	163	0
901	122	0
808	232	0
1305	296	0
332	299	0
175	6	1
1154	76	0
749	78	0
1817	139	0
1	1	1
1235	14	0
877	77	1
2300	288	1
516	48	1
41	74	0
335	6	1
267	6	1
643	61	1
1046	218	0
2274	44	1
1058	274	0
48	266	1
160	48	1
95	118	1
1250	190	0
1479	134	1
149	19	1
495	34	1
1242	59	0
1697	173	1
908	158	0
1217	91	1
1695	173	1
704	48	1
434	174	1
508	254	0
815	134	0
2041	57	0
29	5	1
1100	161	0
31	155	0
278	216	0
1200	263	0
814	107	0
1349	128	1
622	268	0
2108	17	0
681	34	1
1625	175	0
504	26	1
100	91	0
301	37	0
1218	283	0
873	50	1
1864	59	0
98	140	0
1807	195	1
389	175	0
2090	165	1
572	18	0
1696	7	0
628	34	1
1025	276	0
1806	67	0
458	239	0
226	299	0
714	202	0
1845	211	1
1182	92	0
647	34	1
211	233	0
527	14	0
638	132	1
1991	142	1
216	38	0
1126	77	1
285	251	0
166	6	1
1899	40	0
1595	157	1
1592	145	1
2110	165	1
1475	122	0
2063	56	0
2198	247	0
1255	97	1
213	179	0
1523	227	1
1615	199	0
853	50	1
101	50	1
561	34	1
106	7	1
1652	274	1
1335	94	1
2011	177	0
870	50	1
1684	277	0
339	243	1
380	182	1
638	227	1
363	7	0
871	76	1
777	51	0
969	65	1
643	200	0
64	50	1
2257	35	0
597	34	1
589	18	0
1152	68	0
156	286	1
846	30	0
772	113	0
989	40	0
1910	232	1
2098	97	0
686	34	1
21	288	1
441	40	1
829	50	1
1436	167	0
1866	211	1
1239	288	1
2089	90	0
327	91	1
1390	26	1
329	165	1
1728	136	0
632	201	0
1444	133	0
2305	288	1
2106	15	0
45	142	1
1220	116	1
937	175	0
2135	41	0
1778	86	1
310	110	0
2013	82	0
221	6	1
1054	285	0
682	14	0
2002	74	0
2153	244	1
634	106	1
550	96	0
97	50	1
1221	88	0
1898	111	0
890	31	0
50	252	1
565	34	1
935	252	0
320	222	1
1205	51	0
1340	94	1
1106	131	0
488	67	0
533	52	0
113	145	1
954	211	0
403	34	1
103	218	1
774	273	0
504	50	1
421	124	0
1404	218	1
860	292	0
1027	77	1
1473	134	1
1155	149	0
474	212	0
202	90	0
1657	255	0
1941	168	0
815	165	1
2302	289	0
2220	131	0
629	34	1
84	244	1
693	25	0
1962	158	0
1132	299	0
799	48	1
939	58	1
50	282	0
1743	8	0
2279	44	1
795	218	1
1696	87	0
142	238	0
315	6	1
791	48	1
1218	91	1
731	9	0
1548	24	0
892	53	1
47	118	1
121	108	0
19	52	0
334	6	1
1855	164	0
508	34	1
541	118	0
180	123	1
167	243	0
470	55	0
676	198	0
1785	183	0
1594	274	0
1055	208	1
994	261	0
1569	34	1
769	48	1
2293	197	0
925	88	1
1770	42	0
1635	116	1
105	217	1
163	209	0
1549	136	0
611	72	1
196	229	0
2120	16	0
1440	230	0
680	299	0
338	213	0
1172	90	1
1782	214	0
5	159	0
2258	112	1
637	34	1
1161	64	0
304	121	0
702	97	0
1566	135	0
280	91	1
1769	282	0
1125	62	0
449	48	1
2116	118	0
255	58	0
1369	26	1
249	243	1
325	75	1
1414	26	1
1684	139	1
2272	44	1
87	7	1
634	94	1
2148	69	0
388	191	0
1030	174	1
340	101	0
505	83	0
1550	101	0
1465	132	1
771	48	1
1617	113	0
403	28	1
2061	288	0
398	28	1
1227	205	0
743	98	0
1163	118	0
789	75	1
732	288	1
634	48	1
341	50	0
38	189	0
671	127	1
476	48	1
1663	159	1
671	211	1
139	165	1
1079	53	0
1554	138	1
583	81	0
356	276	0
211	6	1
2109	200	0
965	24	0
1997	249	0
2257	226	0
736	46	1
1804	28	0
2048	291	0
1793	86	1
1854	211	1
1563	262	0
1234	148	1
987	200	0
2227	267	1
576	34	1
1786	92	0
625	34	1
351	6	1
1162	33	0
556	288	1
1564	34	1
1936	133	0
251	260	0
1581	145	1
77	157	1
702	34	1
1426	286	0
1491	86	0
1670	22	0
1746	283	0
284	32	0
20	34	1
1587	165	0
707	111	0
292	121	0
1811	145	0
802	218	1
2298	31	0
1869	49	0
935	61	0
1566	34	1
1824	75	0
854	77	1
320	207	1
1514	172	0
1474	260	0
158	182	0
630	105	1
2085	165	1
1154	88	1
66	244	1
1701	161	0
906	229	0
1548	256	0
1219	288	1
1279	281	0
30	34	1
364	78	0
1447	185	0
1342	217	0
47	132	1
1763	191	0
2218	159	0
333	170	0
327	219	1
176	34	1
1258	99	1
2135	226	0
1061	91	0
240	232	0
2261	72	0
145	279	0
1545	138	1
876	52	0
435	90	0
1059	278	0
1557	276	0
747	48	1
1673	285	0
2055	286	0
546	50	1
861	77	1
2129	261	0
749	295	1
1780	163	0
1793	228	0
1270	144	0
273	6	1
1393	50	0
1872	146	0
2293	288	1
675	174	1
634	175	1
968	64	1
1023	174	0
284	77	1
2209	258	1
668	34	1
786	184	0
535	34	1
227	223	0
844	50	1
1670	86	1
10	170	0
1468	134	1
1188	138	0
1978	142	1
541	63	0
2097	65	0
671	292	0
2294	18	0
595	145	0
2259	269	0
2134	140	0
468	34	1
342	6	1
795	48	1
155	6	1
286	19	0
576	162	0
1373	14	0
868	235	0
1302	64	0
327	220	1
613	248	0
1	174	0
158	165	1
1686	40	0
815	50	1
524	150	0
142	19	1
556	108	1
137	19	1
537	168	0
1787	142	1
2298	138	0
1058	84	0
821	50	1
1789	86	1
971	124	0
884	88	1
2270	44	1
2016	173	0
1476	11	0
1632	31	0
82	283	0
816	37	0
1827	239	0
839	50	1
1336	174	0
835	174	1
1007	110	1
157	243	1
1934	161	0
17	76	0
91	13	0
993	77	1
558	176	0
112	32	1
1880	196	0
1533	138	1
555	160	0
1481	15	0
1208	225	1
687	289	0
2284	286	1
1659	157	1
1969	142	1
482	2	0
146	19	1
2030	227	1
249	215	1
359	6	1
1146	216	0
2012	226	1
2207	285	0
689	48	1
1156	150	0
1471	134	1
708	142	1
435	259	0
198	257	0
435	178	1
1975	142	1
680	225	0
1759	288	1
1326	2	0
1853	211	1
880	36	0
2314	291	1
1756	290	1
1103	28	0
2063	75	0
2171	244	1
636	175	0
877	138	1
456	34	1
2056	193	0
639	264	0
1972	152	0
538	34	1
239	6	1
1643	292	0
1792	129	0
94	189	0
907	201	0
1162	88	1
263	52	0
839	129	0
2142	244	1
2077	213	0
1049	140	0
1954	206	0
293	136	0
782	169	0
533	115	0
1235	91	1
97	244	1
1032	77	1
172	6	1
502	104	0
94	44	1
498	48	1
1001	7	0
1152	34	0
1809	239	0
611	137	0
1661	159	1
1006	83	0
584	34	1
1221	124	0
782	48	1
910	53	1
32	138	1
2043	178	0
1278	11	0
1747	257	0
745	209	0
1152	156	0
497	131	0
1760	182	1
315	48	0
889	292	0
129	203	0
737	4	0
801	49	1
361	72	0
1550	74	0
249	198	0
1389	242	0
1192	185	0
56	19	1
1334	104	0
2041	227	1
1743	241	0
1962	223	1
1428	122	0
1691	139	1
105	142	1
490	34	1
1982	142	1
1422	268	0
108	248	0
1334	94	1
389	27	1
1709	218	1
468	226	1
1239	126	0
2239	88	0
1568	199	0
825	76	1
1601	145	1
2203	175	0
33	132	1
1741	257	0
282	6	1
754	281	0
990	216	0
1336	125	0
428	159	1
2240	50	0
1219	91	1
1149	88	1
240	145	1
643	138	1
1489	65	0
312	6	1
1276	105	1
2063	42	0
391	27	1
1256	124	0
56	74	0
1559	138	1
2105	165	1
1457	245	1
136	63	1
556	34	1
1331	94	1
702	50	1
1952	143	0
758	36	0
1488	44	0
1790	86	1
1867	155	0
1364	26	1
1907	181	0
519	70	0
1783	86	1
764	48	1
251	182	0
1261	124	0
706	171	0
397	76	1
1184	7	0
1504	141	0
2096	165	1
616	29	0
36	289	0
211	239	1
1453	186	0
32	108	1
1718	174	1
1188	167	0
1765	186	1
2242	207	0
552	34	1
2293	292	0
1358	168	0
915	53	1
2115	43	0
2014	281	0
531	72	1
62	22	0
634	26	1
630	77	1
446	251	0
419	48	1
717	174	1
1685	49	0
167	6	1
820	50	1
869	218	1
2190	243	1
865	50	1
75	47	0
2273	44	1
992	138	1
2098	55	0
277	6	1
634	86	1
21	45	1
774	163	0
361	35	0
953	183	0
1685	124	0
9	245	1
1486	127	0
1276	39	0
1234	91	1
103	159	0
402	28	1
1988	142	1
555	162	0
2009	226	1
1266	9	0
1470	294	0
1373	0	0
1752	191	0
2199	53	0
1365	26	1
1641	165	0
367	285	1
1350	272	0
2228	265	0
1358	262	0
1467	194	1
1504	100	0
1747	177	1
995	72	1
1728	108	1
1820	200	1
1202	91	1
178	165	1
2123	148	0
1154	162	0
2004	225	1
1804	194	1
575	50	1
1769	268	0
1058	35	0
972	66	1
1833	209	1
2269	44	1
405	27	0
794	48	1
517	76	0
59	7	1
435	50	1
318	145	1
1859	298	0
81	71	0
922	78	0
1020	226	1
1621	220	0
406	134	1
791	109	1
2314	210	0
1363	26	1
853	174	1
1198	91	1
808	50	1
1075	253	0
237	6	1
1344	94	1
138	288	1
1478	116	1
1540	135	0
863	50	1
1289	110	1
1549	297	1
1253	97	1
65	244	1
1629	116	1
240	153	0
208	112	0
625	207	0
459	251	0
966	166	0
1724	295	0
103	94	1
1389	111	0
625	132	1
633	172	0
1184	103	0
406	53	1
551	48	0
623	34	1
1817	284	0
918	44	0
1515	50	0
443	159	0
483	34	1
1634	116	1
2289	128	0
650	98	0
1912	236	0
723	278	0
35	222	0
94	244	1
600	236	0
1583	145	1
1538	188	0
1793	292	0
8	149	0
1396	252	0
1195	91	1
1322	241	0
1462	202	0
1986	142	1
1126	248	0
779	253	0
154	19	1
621	34	1
832	244	1
919	53	1
1822	235	0
278	6	1
1457	43	0
2155	94	0
1195	258	0
873	218	1
1582	145	1
1669	132	1
988	98	0
605	218	1
201	6	1
861	50	1
953	26	1
278	263	0
548	34	1
2163	143	0
2018	251	0
61	50	1
1633	88	0
672	111	1
75	50	1
1375	60	0
1427	6	0
927	108	0
2301	214	0
179	120	0
320	165	1
976	126	0
1049	4	0
1906	167	0
403	269	0
391	18	0
806	125	0
825	248	0
681	54	0
1055	115	0
1258	96	0
833	172	0
1083	49	1
1524	209	0
1810	282	0
349	70	0
2321	295	1
1304	139	1
851	236	1
98	70	0
556	77	1
149	116	0
1834	209	1
757	48	1
721	51	0
311	137	0
684	50	1
1106	68	0
556	76	1
806	98	0
783	50	1
989	247	0
287	183	0
1671	149	0
156	6	1
2251	273	1
1919	160	0
190	6	1
1934	133	0
441	236	0
1347	208	0
1842	211	1
2271	234	0
2185	169	0
184	246	0
1892	179	1
358	6	1
270	92	0
435	210	0
1134	80	1
455	26	1
1872	211	1
2002	247	1
205	165	1
136	148	1
50	288	1
337	91	1
1443	131	1
1965	142	1
81	167	0
498	34	1
1427	11	1
591	180	0
1006	20	0
2266	283	1
1878	211	1
1358	218	1
730	45	1
2044	227	1
531	65	0
1601	248	0
1909	218	1
1787	156	0
835	50	1
1536	97	0
20	185	1
732	214	0
476	105	1
1350	30	0
1515	147	0
700	34	1
65	236	0
83	273	0
315	180	0
2121	158	0
2323	297	1
148	19	1
312	28	0
295	93	0
680	48	1
1554	42	0
358	176	0
20	91	1
72	50	1
1669	174	1
1820	214	0
487	34	1
968	242	0
2020	250	0
1408	50	0
2228	268	1
1253	92	0
1232	91	1
1066	77	1
2189	159	0
738	67	0
2127	244	1
967	227	1
1256	165	1
1025	227	0
1539	199	0
2178	72	0
1260	100	1
185	287	1
857	58	0
945	61	1
1576	132	1
280	77	1
473	105	1
2037	219	0
1477	257	0
102	207	0
8	132	1
743	235	0
1614	148	1
101	7	1
156	123	1
868	76	1
935	104	0
106	155	1
1269	105	1
369	22	1
1770	86	1
1859	211	1
1692	37	0
1040	77	1
2173	244	1
854	92	0
1741	174	1
1716	59	0
2323	143	0
937	58	1
438	40	1
1670	289	0
2112	63	0
1163	242	0
870	191	0
1560	110	0
1631	106	0
86	244	1
1560	138	1
585	174	1
1215	295	0
574	178	0
488	85	0
641	26	0
953	58	1
1604	107	0
1440	183	0
1288	110	1
494	230	0
427	32	1
1795	221	0
634	132	1
1033	250	1
209	99	1
483	1	0
208	14	0
343	99	1
221	27	0
1882	232	0
95	272	1
1128	21	0
545	34	1
816	50	1
1914	218	1
2246	84	0
1136	88	1
705	89	0
699	34	1
239	209	0
1404	94	0
1583	113	0
1305	178	1
1062	77	1
1624	116	1
1820	297	0
352	6	1
1943	114	0
2279	285	0
790	163	0
250	6	1
493	32	0
804	132	1
63	7	1
1779	212	0
19	16	0
796	294	0
1376	26	1
360	201	0
2217	216	0
2032	148	0
1667	60	0
1663	33	0
1079	77	1
1662	200	0
678	34	1
358	44	1
68	226	1
550	50	1
31	252	1
1021	75	1
985	241	0
1125	68	0
664	50	1
453	217	0
2212	69	0
103	53	1
709	50	1
248	6	1
1185	91	1
128	118	0
2063	228	1
50	142	1
2253	91	0
1557	197	0
1193	254	0
333	89	0
605	132	1
978	288	1
83	218	1
1274	218	1
1280	109	1
2079	165	1
743	48	1
742	48	1
722	46	0
368	185	1
2111	165	1
83	32	1
1889	212	1
1625	109	0
127	50	1
1640	49	0
1431	176	0
967	130	0
1586	5	0
128	99	1
2096	270	0
362	219	0
1009	76	1
518	169	0
1161	116	1
1601	58	0
1738	72	0
639	132	1
2242	273	1
434	34	1
276	186	0
464	266	0
594	105	1
721	39	0
707	50	1
136	243	1
1840	285	0
2102	38	0
950	61	1
1644	153	1
954	75	1
1256	131	0
2007	188	0
1415	120	0
415	239	0
627	94	1
1290	110	1
560	84	0
2194	213	0
1408	102	0
359	26	0
32	142	1
87	50	1
1170	90	1
332	88	1
203	106	0
621	77	1
1010	168	0
459	48	1
651	90	0
1163	21	0
1251	88	1
1228	167	0
654	13	0
1900	218	1
921	278	0
2263	279	1
480	183	0
1201	135	0
1186	98	0
453	289	1
2135	244	1
706	268	0
20	45	1
1252	185	0
1272	220	0
233	186	0
31	58	1
802	142	1
83	112	0
898	92	0
362	214	0
1254	262	0
486	101	0
581	34	1
100	266	0
1639	32	0
1941	108	0
1811	238	0
2309	226	0
1457	125	0
2001	170	0
1880	135	0
1186	91	1
1159	88	1
900	133	1
1799	45	0
47	34	1
650	283	0
369	185	1
1746	245	0
1755	140	0
2009	185	0
890	240	0
1752	178	1
85	244	1
1889	278	0
1958	224	1
181	165	1
2081	167	0
445	63	0
863	174	1
1138	114	0
517	256	0
292	6	1
69	132	1
887	134	1
1595	84	0
1535	138	1
1603	287	0
912	291	0
1446	132	1
801	245	1
1509	108	0
1240	91	1
1046	77	1
389	63	0
1234	33	0
701	186	0
936	58	1
686	141	0
2184	215	0
629	105	1
1591	220	0
15	5	1
1416	26	1
2004	284	0
47	174	1
1777	86	1
377	299	0
1932	220	1
241	6	1
812	256	0
230	6	1
732	246	1
162	6	1
346	154	0
5	122	0
1286	94	1
909	53	1
45	34	1
1467	176	1
83	48	1
537	91	0
173	142	0
1024	77	1
487	222	0
449	34	1
1430	11	1
2177	244	1
425	75	0
593	34	1
218	231	0
571	132	1
722	44	1
89	254	0
1479	74	0
320	150	0
179	243	1
2156	244	1
878	47	0
1325	31	0
638	298	0
511	65	0
1320	94	1
177	6	1
1866	193	0
136	194	1
56	123	1
388	27	1
1563	107	0
936	116	0
1639	150	1
1993	142	1
1144	18	0
500	50	1
2077	160	0
104	27	1
287	281	0
2152	244	1
2009	211	0
475	59	0
1611	165	0
1482	145	0
1347	94	1
1416	139	0
594	110	0
1375	26	1
3	3	1
1253	28	0
49	183	1
126	178	1
616	180	0
1337	142	1
160	142	1
1577	132	1
180	145	0
1469	134	1
1371	106	0
467	169	0
105	226	1
1125	77	1
2257	71	0
709	86	1
1221	288	1
1983	142	1
1262	178	1
1030	105	1
798	116	0
2256	275	1
434	138	1
467	218	1
1437	129	1
33	50	1
931	249	0
2010	261	0
446	208	0
132	16	1
1153	246	0
968	259	0
1782	31	0
1283	109	1
1734	174	1
1147	191	0
59	50	1
543	216	0
1012	83	0
2067	217	0
2298	288	1
647	50	1
292	227	0
913	53	1
176	13	0
1792	82	0
472	50	1
1712	199	0
2091	222	0
47	110	1
1421	26	1
47	109	1
1097	4	0
210	197	1
47	213	1
1131	63	0
1154	195	0
353	6	1
89	208	0
43	181	0
1148	68	0
257	6	1
168	2	0
138	125	0
592	34	1
1848	252	0
1907	218	1
881	50	1
1860	217	0
1254	97	1
2313	71	0
234	6	1
178	6	1
177	257	1
861	76	1
987	1	0
1789	144	0
548	50	1
19	166	0
1457	132	1
1007	109	0
229	69	0
847	142	1
74	226	1
1210	92	0
1363	274	0
352	99	0
1275	236	0
893	240	0
210	6	1
80	7	1
531	34	1
1928	220	1
1599	145	1
449	40	1
2132	196	0
1181	143	0
1012	75	1
2236	152	0
2239	78	0
554	48	1
1591	145	1
360	273	0
1604	145	1
136	274	1
1019	132	1
746	48	1
506	296	0
1610	208	0
858	76	1
1874	226	1
539	50	1
2253	20	0
1362	26	1
1699	274	0
1658	53	0
2086	165	1
255	4	0
1698	6	0
1102	191	0
309	109	0
1869	270	0
1601	87	0
1126	142	1
1822	279	0
297	6	1
641	34	1
1030	77	1
62	100	0
1546	138	1
467	34	1
2266	6	0
688	50	1
883	20	0
1553	138	1
1670	216	0
17	178	1
1814	86	0
2324	5	0
112	274	0
2054	227	1
125	80	0
741	95	0
2236	49	1
94	48	1
377	24	1
244	146	0
1001	110	0
113	240	0
1648	89	0
472	104	0
1598	196	0
164	162	0
83	7	1
103	278	1
851	285	1
1892	53	0
2140	244	1
210	29	0
554	27	0
1544	103	0
1181	147	0
27	152	0
568	34	1
183	6	1
32	124	1
1020	168	0
470	48	1
860	218	1
157	8	1
442	147	0
725	126	0
1054	77	1
1012	138	1
2150	70	0
1537	138	1
873	76	0
2262	112	1
838	79	0
776	64	1
2125	94	0
1083	11	1
1333	2	0
864	107	0
1456	121	0
1048	148	0
2006	247	1
308	6	1
1002	263	0
1139	55	0
580	48	1
216	17	0
2144	244	1
486	170	0
2035	227	1
79	50	1
1863	14	0
560	147	0
871	183	0
963	64	1
170	288	1
1974	98	0
0	112	0
679	103	0
1756	182	1
2307	288	1
1808	234	0
1498	138	1
1911	166	0
2233	270	1
1618	224	0
1237	98	1
724	44	1
300	98	0
932	244	1
462	103	0
839	142	1
1649	288	1
2155	244	1
66	226	1
2225	109	0
557	34	1
95	267	0
635	211	1
210	277	1
1169	176	0
2301	288	1
292	139	0
225	206	0
2163	244	1
595	103	0
494	206	0
1711	174	1
891	49	0
1877	211	1
156	8	1
1436	86	1
303	6	1
1570	243	0
526	69	0
1653	248	0
1621	163	0
118	17	1
1834	219	0
603	34	1
519	34	1
338	260	0
455	34	1
1252	278	0
1085	241	0
1827	298	0
419	76	1
2244	273	1
1364	181	0
1265	255	0
2293	28	0
1870	281	0
97	26	1
14	80	0
433	39	1
505	298	0
41	48	0
840	218	0
32	135	1
583	19	0
1035	77	1
527	102	0
481	166	0
809	77	1
986	296	0
1006	76	1
844	172	1
2135	135	0
519	189	0
2099	165	1
690	120	0
1803	194	1
1234	288	1
1810	39	0
929	259	0
1466	150	0
1397	244	1
2147	10	0
8	57	0
1566	86	1
716	95	0
663	20	0
728	44	1
1535	248	0
706	106	0
152	19	1
563	179	0
369	77	0
802	33	0
871	218	1
1443	188	0
624	132	1
502	181	1
2248	284	0
2009	227	1
32	177	1
1761	208	0
1790	142	1
531	281	0
1193	134	0
844	174	1
109	48	1
2127	191	0
1085	77	1
275	113	0
2176	142	0
81	7	1
1904	218	1
281	6	1
127	93	1
1827	206	1
1099	77	1
453	292	0
